FIPS,Total,Male,Female,Eighteen_Years_Plus,SixFive_Years_Plus,One_Race,Two_Plus_Races
1,4903185,2369611,2533574,3817588,854312,4811663,91522
2,731545,380433,351112,551796,90588,674069,57476
4,7278717,3620935,3657782,5639069,1307241,6998143,280574
5,3017804,1474705,1543099,2318792,524237,2934201,83603
6,39512223,19640794,19871429,30621159,5834998,37534078,1978145
8,5758736,2904955,2853781,4502416,845378,5525793,232943
9,3565287,1743777,1821510,2837855,629032,3434219,131068
10,973764,470288,503476,769818,189638,943597,30167
11,705749,334355,371394,577848,87537,682428,23321
12,21477737,10498005,10979732,17245782,4498198,20846185,631552
13,10617423,5170126,5447297,8114394,1523192,10333002,284421
15,1415872,707855,708017,1115685,269470,1099404,316468
16,1787065,898044,889021,1337710,288617,1728365,58700
17,12671821,6217305,6454516,9857142,2045361,12319888,351933
18,6732219,3319907,3412312,5164798,1084472,6557936,174283
19,3155070,1570384,1584686,2433240,553575,3086822,68248
20,2913314,1446287,1467027,2213013,477996,2804543,108771
21,4467673,2198205,2269468,3465848,754559,4363515,104158
22,4648794,2268202,2380592,3563908,742194,4555727,93067
23,1344212,656330,687882,1097859,285978,1315676,28536
24,6045680,2928013,3117667,4713393,959887,5840122,205558
25,6892503,3345556,3546947,5540726,1172293,6642044,250459
26,9986857,4915905,5070952,7844035,1766409,9684517,302340
27,5639632,2804216,2835416,4336963,921491,5453049,186583
28,2976149,1434957,1541192,2277729,486804,2932485,43664
29,6137428,3008169,3129259,4764733,1057943,5965175,172253
30,1068778,537170,531608,842254,207909,1032261,36517
31,1934408,966650,967758,1459312,312295,1881025,53383
32,3080156,1544779,1535377,2389419,498219,2935948,144208
33,1359711,672960,686751,1103691,253147,1329506,30205
34,8882190,4342591,4539599,6944166,1475075,8617761,264429
35,2096829,1036708,1060121,1622979,377730,2024385,72444
36,19453561,9450810,10002751,15431465,3295968,18804263,649298
37,10488084,5094327,5393757,8194112,1750935,10192947,295137
38,762062,388339,373723,585356,120177,736917,25145
39,11689100,5732207,5956893,9114253,2043548,11345759,343341
40,3956971,1962477,1994494,3004742,635222,3656806,300165
41,4217737,2089676,2128061,3354921,767496,4010412,207325
42,12801989,6272527,6529462,10169664,2388218,12469281,332708
44,1059361,517221,542140,855786,187155,1014761,44600
45,5148714,2485001,2663713,4036414,935538,5023183,125531
46,884659,449458,435201,669390,153799,859961,24698
47,6829174,3329115,3500059,5318422,1138965,6672928,156246
48,28995881,14385762,14610119,21599250,3738727,28159954,835927
49,3205958,1610671,1595287,2275650,365198,3102384,103574
50,623989,309164,314825,510430,125201,608622,15367
51,8535519,4201799,4333720,6677914,1358336,8215287,320232
53,7614893,3807572,3807321,5951928,1207685,7161398,453495
54,1792147,885861,906286,1433329,367400,1759897,32250
55,5822434,2892804,2929630,4559022,1019896,5685400,137034
56,578759,296005,282754,444570,98789,562936,15823
1001,55380,26934,28446,42175,8283,54182,1198
1003,212830,103496,109334,166595,42531,209241,3589
1005,25361,13421,11940,20054,4710,25057,304
1007,22493,12150,10343,17862,3584,22352,141
1009,57681,28495,29186,44292,10326,56765,916
1011,10248,5571,4677,8120,1640,10170,78
1013,19828,9081,10747,15373,3900,19403,425
1015,114618,55141,59477,89666,19738,111878,2740
1017,33660,16089,17571,26595,6470,33318,342
1019,25903,12777,13126,20658,5811,25678,225
1021,44055,21459,22596,33420,7052,42962,1093
1023,12925,6145,6780,10322,2922,12874,51
1025,24128,11403,12725,18841,4679,23955,173
1027,13337,6438,6899,10559,2698,13243,94
1029,14916,7309,7607,11533,2899,14625,291
1031,51662,25479,26183,39403,8550,49932,1730
1033,54771,26284,28487,43218,10644,53656,1115
1035,12394,6078,6316,9790,2746,12289,105
1037,10757,5462,5295,8956,2430,10757,0
1039,37200,17986,19214,29037,7726,36784,416
1041,13844,6748,7096,10738,2609,13410,434
1043,82853,40759,42094,64148,15116,81172,1681
1045,49277,24301,24976,37892,8081,47657,1620
1047,39149,18039,21110,29720,6809,38906,243
1049,71310,35318,35992,53800,11883,69587,1723
1051,81144,39226,41918,62915,12053,79795,1349
1053,37057,18856,18201,28769,6566,36675,382
1055,102748,49564,53184,80579,19257,100907,1841
1057,16494,8138,8356,13014,3438,16101,393
1059,31466,15676,15790,23582,5304,31058,408
1061,26417,12835,13582,20599,5275,25995,422
1063,8324,3846,4478,6440,1773,8102,222
1065,14809,7035,7774,11355,2777,14745,64
1067,17133,8319,8814,13537,3785,16932,201
1069,104702,50190,54512,80349,18052,102399,2303
1071,51852,25381,26471,40870,10113,50443,1409
1073,659680,312033,347647,508503,101785,648766,10914
1075,13885,6783,7102,10835,2983,13774,111
1077,92556,44568,47988,74247,18228,91275,1281
1079,33058,15955,17103,25875,5998,31343,1715
1081,161152,79453,81699,126764,18696,158140,3012
1083,94727,47291,47436,73144,14328,93000,1727
1085,10079,4821,5258,7808,1856,10032,47
1087,18708,8593,10115,15460,3614,18619,89
1089,362276,176935,185341,282589,53151,351077,11199
1091,19321,9299,10022,14918,3729,19237,84
1093,29866,14781,15085,23592,6288,29359,507
1095,95643,47230,48413,71756,16093,93921,1722
1097,414114,197367,216747,316303,65339,406474,7640
1099,21270,10160,11110,16522,4100,21071,199
1101,226941,107049,119892,173501,33107,222681,4260
1103,119213,58712,60501,91846,20412,116532,2681
1105,9293,4263,5030,7286,1772,9293,0
1107,20243,9637,10606,16212,3739,19941,302
1109,33333,15980,17353,26863,4946,32526,807
1111,22647,11057,11590,17751,4622,22242,405
1113,57952,27861,30091,43783,8029,55864,2088
1115,87989,44013,43976,67948,14317,86947,1042
1117,213432,103346,110086,162807,31716,209158,4274
1119,12797,5927,6870,10327,2234,12766,31
1121,80387,38826,41561,63130,14052,79049,1338
1123,40541,19573,20968,32072,8505,40024,517
1125,207305,100006,107299,163687,26673,205105,2200
1127,64110,31453,32657,49854,12191,62979,1131
1129,16541,8159,8382,12753,3047,16144,397
1131,10681,5014,5667,8104,2026,10347,334
1133,23784,11781,12003,18858,5075,23339,445
2013,3385,2033,1352,2901,318,3074,311
2016,5698,3380,2318,4716,347,5203,495
2020,293531,149670,143861,221655,30873,265696,27835
2050,18134,9477,8657,11740,1301,17511,623
2060,875,524,351,695,87,783,92
2068,2246,1201,1045,1985,209,2030,216
2070,4961,2542,2419,3417,499,4615,346
2090,99072,53417,45655,75129,9699,91833,7239
2100,2518,1297,1221,1876,633,2321,197
2105,2139,1142,997,1817,439,1916,223
2110,32227,16504,15723,25283,4039,28679,3548
2122,58464,30480,27984,45217,9631,55128,3336
2130,13800,7083,6717,10767,2050,12563,1237
2150,13451,7221,6230,9990,1319,12366,1085
2158,8250,4463,3787,4920,454,7997,253
2164,1393,749,644,1070,109,1311,82
2170,105369,54838,50531,76973,11939,97281,8088
2180,9988,5262,4726,6554,702,9414,574
2185,9792,5985,3807,7229,671,9040,752
2188,7715,4189,3526,4995,575,7429,286
2195,3257,1723,1534,2608,717,2950,307
2198,6407,3478,2929,4906,1027,5747,660
2220,8640,4444,4196,6763,1310,7422,1218
2230,1107,606,501,948,130,1063,44
2240,6878,3770,3108,5014,938,6595,283
2261,9243,4845,4398,7087,1134,8584,659
2275,2502,1357,1145,2034,569,2251,251
2282,649,356,293,499,94,595,54
2290,5377,2879,2498,3886,770,5006,371
4001,71511,35155,36356,51960,10694,70271,1240
4003,125867,63967,61900,98481,27278,120665,5202
4005,141274,69789,71485,111970,16983,136164,5110
4007,53546,26507,27039,42814,15199,51924,1622
4009,37996,20325,17671,27713,5202,36901,1095
4011,9522,4984,4538,6894,1178,9471,51
4012,20793,10708,10085,17398,8025,20211,582
4013,4328810,2140563,2188247,3282749,641814,4169697,159113
4015,207695,104944,102751,171329,61383,202454,5241
4017,109270,54721,54549,79820,19062,106122,3148
4019,1027207,505666,521541,810074,197361,977054,50153
4021,432793,225618,207175,333405,85974,414673,18120
4023,46480,22271,24209,33770,8037,45856,624
4025,228067,111450,116617,190338,69858,222034,6033
4027,209468,107841,101627,156240,38700,203765,5703
5001,17914,8565,9349,13811,3405,17684,230
5003,20270,9825,10445,15614,4036,20133,137
5005,41427,20099,21328,34160,12779,40734,693
5007,265759,131999,133760,195281,35271,257704,8055
5009,37331,18440,18891,28724,7591,36425,906
5011,10874,5157,5717,8278,1994,10857,17
5013,5192,2609,2583,4224,1102,5116,76
5015,27965,13908,14057,21880,6307,27391,574
5017,10615,5239,5376,8251,2120,10484,131
5019,22386,10506,11880,18131,3634,22100,286
5021,14889,7329,7560,11655,3141,14640,249
5023,25100,12434,12666,20299,6719,24893,207
5025,8128,4007,4121,6320,1664,8024,104
5027,23776,11407,12369,18765,4065,23533,243
5029,20858,10154,10704,16038,3939,20088,770
5031,107345,52386,54959,80589,14510,104487,2858
5033,62739,30903,31836,47267,10276,60760,1979
5035,48672,23159,25513,35363,6619,45204,3468
5037,16824,8094,8730,12845,3084,15568,1256
5039,7279,3589,3690,5715,1617,7169,110
5041,11709,5562,6147,8709,2187,11492,217
5043,18417,9023,9394,14351,3127,18161,256
5045,123624,60393,63231,94887,15058,120327,3297
5047,17738,8735,9003,13514,3397,17400,338
5049,12231,6106,6125,9705,3122,11919,312
5051,98555,47295,51260,78586,23000,95830,2725
5053,18126,8893,9233,14055,3228,17760,366
5055,44937,22083,22854,33916,7076,44147,790
5057,21842,10323,11519,16230,3905,21378,464
5059,33597,17484,16113,26703,6288,33014,583
5061,13311,6388,6923,9854,2346,13017,294
5063,37427,18350,19077,28434,6453,36411,1016
5065,13570,7067,6503,11152,3390,13218,352
5067,17027,8427,8600,13587,2986,15420,1607
5069,69282,34282,35000,53990,11625,68466,816
5071,26372,12966,13406,19996,4285,25696,676
5073,6800,3440,3360,5477,1582,6690,110
5075,16549,8211,8338,12820,3199,16266,283
5077,9194,5220,3974,7519,1729,9127,67
5079,13455,8612,4843,11423,2030,13329,126
5081,12347,5966,6381,9609,2547,12070,277
5083,21668,10677,10991,16926,4284,21045,623
5085,72528,35687,36841,53757,9549,70780,1748
5087,16211,8034,8177,12395,3061,15887,324
5089,16476,7959,8517,13512,4631,16217,259
5091,43572,21369,22203,33204,7136,42688,884
5093,42126,20436,21690,31032,6088,40775,1351
5095,7050,3308,3742,5573,1609,6939,111
5097,8950,4478,4472,7304,2403,8719,231
5099,8351,4237,4114,6451,1693,8149,202
5101,7812,3868,3944,6267,1991,7665,147
5103,23830,11371,12459,18399,4675,23564,266
5105,10355,5172,5183,8030,2062,10229,126
5107,18606,8738,9868,13807,3375,18515,91
5109,10756,5312,5444,8417,2169,10609,147
5111,23896,11644,12252,18203,4256,22463,1433
5113,20094,9720,10374,15422,4509,19406,688
5115,63761,31330,32431,49161,9732,62120,1641
5117,8189,4095,4094,6545,1915,8144,45
5119,392967,187895,205072,301305,58959,382167,10800
5121,17695,8839,8856,13548,3525,17361,334
5123,25900,14094,11806,19936,4173,25422,478
5125,119415,58571,60844,91409,20913,117037,2378
5127,10376,5313,5063,7735,2150,9848,528
5129,7908,3998,3910,6316,2001,7734,174
5131,127591,62343,65248,96781,19894,121600,5991
5133,17081,8584,8497,12190,2372,16785,296
5135,17139,8397,8742,13518,4435,16552,587
5137,12475,6190,6285,10040,3335,12183,292
5139,39449,19101,20348,29922,6804,39001,448
5141,16642,8214,8428,13342,4268,16260,382
5143,232289,115916,116373,175263,26461,224145,8144
5145,78762,38474,40288,60310,12691,77013,1749
5147,6533,3006,3527,5128,1481,6461,72
5149,21464,10755,10709,16227,3745,21218,246
6001,1656754,814515,842239,1312727,224026,1549761,106993
6003,1039,554,485,838,311,986,53
6005,38429,20640,17789,32582,10246,36599,1830
6007,225817,111735,114082,180378,40685,212046,13771
6009,45514,22663,22851,37703,12519,43152,2362
6011,21454,10994,10460,15612,3082,20845,609
6013,1142251,558502,583749,881048,175882,1064295,77956
6015,27495,14745,12750,21575,4727,25759,1736
6017,188563,93922,94641,150641,38570,181300,7263
6019,984521,491146,493375,703677,117777,944137,40384
6021,27976,14218,13758,20491,4460,27331,645
6023,135940,67576,68364,109803,23518,127300,8640
6025,180701,92752,87949,128848,22841,174187,6514
6027,17977,9062,8915,14368,4097,17127,850
6029,887641,454843,432798,629552,94712,856609,31032
6031,150691,82995,67696,109652,15063,144548,6143
6033,64195,31865,32330,50795,14333,61820,2375
6035,30818,20332,10486,26216,4379,30059,759
6037,10081570,4969382,5112188,7866810,1335978,9678803,402767
6039,155433,74972,80461,112580,21431,150372,5061
6041,259943,126956,132987,207310,56170,247187,12756
6043,17420,8872,8548,14580,4790,16665,755
6045,87224,43242,43982,68522,18532,82934,4290
6047,271382,136987,134395,190923,29956,260318,11064
6049,8907,4626,4281,7155,2401,8703,204
6051,14310,7634,6676,11639,2049,13778,532
6053,433410,221001,212409,319541,57240,414854,18556
6055,139623,69603,70020,110422,25968,134243,5380
6057,99244,48947,50297,82145,26254,95470,3774
6059,3168044,1563832,1604212,2463536,455105,3038035,130009
6061,385512,188162,197350,299181,73772,366519,18993
6063,18660,9282,9378,15543,5050,17906,754
6065,2411439,1200960,1210479,1797290,340575,2305123,106316
6067,1524553,744997,779556,1161377,209596,1410676,113877
6069,60376,30151,30225,44698,7529,57178,3198
6071,2149031,1069766,1079265,1577463,241961,2042082,106949
6073,3316073,1669515,1646558,2593335,454089,3142279,173794
6075,874961,446286,428675,757415,134981,826248,48713
6077,742603,370152,372451,539902,93081,661405,81198
6079,282165,143006,139159,231989,54847,271728,10437
6081,767423,379328,388095,607919,120877,723931,43492
6083,444829,222659,222170,345645,66563,426277,18552
6085,1927470,974422,953048,1499088,254174,1827327,100143
6087,273962,135634,138328,220841,43155,260876,13086
6089,179212,88047,91165,140533,36272,171703,7509
6091,3040,1625,1415,2558,892,3016,24
6093,43468,21708,21760,34642,10732,40661,2807
6095,441829,219818,222011,342990,67309,408825,33004
6097,499772,244045,255727,400582,94913,473011,26761
6099,543194,268871,274323,395571,69679,520630,22564
6101,96109,47866,48243,71050,14418,89324,6785
6103,63912,31773,32139,48654,12307,61045,2867
6105,12700,6535,6165,10534,3410,12449,251
6107,461898,230966,230932,318740,51531,446186,15712
6109,54045,28112,25933,45058,13827,51679,2366
6111,847263,419111,428152,650476,127628,809127,38136
6113,217352,105438,111914,171326,26396,203693,13659
6115,76360,38950,37410,55282,9375,70706,5654
8001,504108,254500,249608,368248,51105,482247,21861
8003,16107,8059,8048,12174,2130,15666,441
8005,644560,318960,325600,490971,82111,615739,28821
8007,13253,6657,6596,10951,3384,13059,194
8009,3561,1744,1817,2813,926,3480,81
8011,5787,3735,2052,4909,1033,5705,82
8013,322510,162211,160299,260064,44094,312728,9782
8014,67886,33817,34069,52145,9026,65443,2443
8015,19557,10488,9069,16613,4899,19191,366
8017,2026,1012,1014,1418,335,1946,80
8019,9495,4778,4717,7990,1846,9195,300
8021,8128,4088,4040,5964,1513,7919,209
8023,3745,1985,1760,3061,1023,3597,148
8025,5754,3654,2100,5045,770,5480,274
8027,4776,2442,2334,4060,1717,4661,115
8029,30565,15453,15112,24484,7727,30098,467
8031,705576,353311,352265,565889,81488,678940,26636
8033,1857,1042,815,1449,513,1829,28
8035,336041,167729,168312,246806,38417,326083,9958
8037,54681,29060,25621,42688,5877,53714,967
8039,25717,13020,12697,20145,3984,24958,759
8041,698974,352903,346071,529098,87111,657209,41765
8043,47321,27599,19722,39826,10010,46272,1049
8045,59055,30109,28946,44075,7477,57924,1131
8047,6018,3048,2970,5200,1079,5748,270
8049,15303,8087,7216,12634,2561,15128,175
8051,16802,9101,7701,13894,2186,16485,317
8053,857,385,472,719,210,839,18
8055,6679,3288,3391,5605,2083,6397,282
8057,1261,648,613,1076,357,1256,5
8059,574798,286412,288386,459719,91969,558662,16136
8061,1489,722,767,1096,368,1443,46
8063,7447,3994,3453,5651,1365,7392,55
8065,7751,4308,3443,6351,818,7625,126
8067,55617,27999,27618,45007,9150,54319,1298
8069,344786,172000,172786,276396,52161,333841,10945
8071,14266,7485,6781,11734,3377,13520,746
8073,5585,3561,2024,4462,971,5533,52
8075,22380,12086,10294,17782,3838,21463,917
8077,151218,74601,76617,118188,28079,147750,3468
8079,824,422,402,728,221,788,36
8081,13127,6797,6330,9766,1808,12785,342
8083,26031,12874,13157,20340,5605,25495,536
8085,41686,20526,21160,32607,9635,41021,665
8087,28517,14348,14169,21091,4384,27535,982
8089,18282,8904,9378,13872,3671,17722,560
8091,4796,2437,2359,4033,1330,4756,40
8093,17867,9515,8352,15085,3566,17256,611
8095,4290,2226,2064,3147,741,4225,65
8097,17926,9344,8582,15044,3192,17676,250
8099,12022,6132,5890,8951,2092,11820,202
8101,165982,81738,84244,128353,30198,159301,6681
8103,6384,3260,3124,4837,973,6027,357
8105,11305,5632,5673,8694,2196,11066,239
8107,25072,13044,12028,20473,3664,24857,215
8109,6592,3283,3309,5155,1475,6300,292
8111,589,292,297,513,146,579,10
8113,8049,4240,3809,6604,1088,7903,146
8115,2322,1109,1213,1738,537,2289,33
8117,30649,16696,13953,25672,3914,30069,580
8119,24524,12480,12044,20201,5163,23855,669
8121,4868,2550,2318,3757,977,4793,75
8123,305345,154294,151051,224943,36217,296169,9176
8125,10003,4977,5026,7340,1825,9854,149
9001,943926,459636,484290,729424,146621,914186,29740
9003,893561,433975,459586,704384,149889,861699,31862
9005,182002,90109,91893,148312,37457,178043,3959
9007,163053,79641,83412,133740,32072,159686,3367
9009,857513,413519,443994,682679,145741,829602,27911
9011,267390,134037,133353,214989,47421,253119,14271
9013,151063,75601,75462,124488,23140,147484,3579
9015,116566,57727,58839,93225,18712,112255,4311
10001,176699,85199,91500,135938,29417,169410,7289
10003,556165,269189,286976,435516,84268,541571,14594
10005,224384,108502,115882,182110,60489,219188,5196
11001,692683,328644,364039,568753,83670,671238,21445
12001,265443,128220,137223,217701,36313,256337,9106
12003,28211,14701,13510,21478,3873,27675,536
12005,182161,90531,91630,143212,31048,175149,7012
12007,27317,15021,12296,21899,4867,27011,306
12009,585507,286412,299095,477754,137161,564830,20677
12011,1926205,938043,988162,1516025,314061,1862467,63738
12013,14362,7917,6445,11460,2755,13946,416
12015,181067,88465,92602,158851,71735,177813,3254
12017,145169,70474,74695,123624,52661,142743,2426
12019,211405,104304,107101,161700,32543,201856,9549
12021,371453,182946,188507,306859,117197,366619,4834
12023,69968,36232,33736,54789,12791,68111,1857
12027,36903,20836,16067,29694,8002,36452,451
12029,16589,9289,7300,13587,3773,16121,468
12031,936186,454084,482102,724134,128443,902288,33898
12033,313491,155157,158334,247878,51909,297032,16459
12035,109801,52399,57402,90969,32922,107408,2393
12037,11811,6734,5077,9913,2681,11631,180
12039,45945,21790,24155,35902,7957,45495,450
12041,17953,9415,8538,14216,3637,17569,384
12043,13516,7509,6007,11436,3638,13364,152
12045,15576,9109,6467,13038,3221,15305,271
12047,14326,8403,5923,11594,2431,14118,208
12049,27131,14696,12435,20020,4285,26836,295
12051,40732,21600,19132,29750,5345,39384,1348
12053,186313,89454,96859,151898,51205,181352,4961
12055,103437,50361,53076,85665,36409,101271,2166
12057,1422278,695072,727206,1102618,198181,1369004,53274
12059,19432,10546,8886,15638,3850,19117,315
12061,153989,73951,80038,128694,49685,150763,3226
12063,47945,26318,21627,39005,9234,46910,1035
12065,14161,7432,6729,11854,3249,13986,175
12067,8637,5125,3512,6738,1188,8373,264
12069,345867,167643,178224,278957,91815,338179,7688
12071,737468,361232,376236,605916,207169,724314,13154
12073,289770,137486,152284,235555,37380,281640,8130
12075,40403,19718,20685,32456,9734,39378,1025
12077,8345,4973,3372,6969,1280,8213,132
12079,18460,9866,8594,14998,3716,18356,104
12081,384213,185822,198391,312878,103677,376908,7305
12083,353526,169652,183874,287543,101238,345385,8141
12085,159065,78707,80358,132790,48674,156405,2660
12086,2699428,1311459,1387969,2146165,430906,2653841,45587
12087,75798,39491,36307,64343,16789,74864,934
12089,83098,41211,41887,66539,17884,82116,982
12091,203794,103422,100372,158543,32045,193688,10106
12093,41144,22205,18939,32262,8135,40317,827
12095,1349746,662036,687710,1048026,157152,1301187,48559
12097,351955,173562,178393,265287,45618,338399,13556
12099,1465027,710241,754786,1183252,346044,1431363,33664
12101,524602,255248,269354,417804,118202,510500,14102
12103,964666,463198,501468,806403,234815,934476,30190
12105,686218,336279,349939,533359,138341,669267,16951
12107,73252,36255,36997,57542,16634,71853,1399
12109,244674,119055,125619,191259,48237,238704,5970
12111,312947,152727,160220,250263,74360,305434,7513
12113,174755,89306,85449,136155,27609,167600,7155
12115,419496,200053,219443,359114,151209,411960,7536
12117,461402,223000,238402,363776,70111,447181,14221
12119,125044,62567,62477,115954,70918,123182,1862
12121,44046,22633,21413,34475,9036,42691,1355
12123,21870,12254,9616,17549,4304,21690,180
12125,15303,9979,5324,12381,2290,15037,266
12127,536487,261504,274983,441308,129563,525181,11306
12129,32321,17541,14780,25459,4715,32014,307
12131,68262,34533,33729,54329,13310,65613,2649
12133,24764,13409,11355,19972,4268,24343,421
13001,18440,9318,9122,13863,3107,18265,175
13003,8239,4179,4060,6016,1117,8229,10
13005,11201,5473,5728,8329,1721,10873,328
13007,3132,1530,1602,2476,743,3117,15
13009,45111,22815,22296,36606,6959,44384,727
13011,18708,9400,9308,14361,3079,18510,198
13013,78991,38740,40251,58246,9745,77050,1941
13015,104919,51825,53094,79274,14363,102352,2567
13017,17033,8139,8894,12759,2850,16862,171
13019,19152,9384,9768,14504,3364,18825,327
13021,153200,71915,81285,115586,23236,149894,3306
13023,12807,6054,6753,10081,2261,12703,104
13025,18756,9198,9558,14298,3008,18527,229
13027,15590,7612,7978,12135,2944,15403,187
13029,37063,18476,18587,26191,3892,35487,1576
13031,76120,37316,38804,60904,8479,73454,2666
13033,22520,10715,11805,16642,3384,22252,268
13035,24090,12846,11244,19153,3707,23757,333
13037,6365,3891,2474,5242,958,6264,101
13039,53231,27495,25736,40414,6762,51380,1851
13043,10812,5339,5473,8103,1890,10562,250
13045,117183,57024,60159,89171,15650,115242,1941
13047,66700,32000,34700,51322,11485,65177,1523
13049,13040,7455,5585,10504,1940,12677,363
13051,288496,138879,149617,226410,43050,280068,8428
13053,10560,6875,3685,8315,338,10179,381
13055,24812,12858,11954,19227,4295,24471,341
13057,247515,121808,125707,185948,33259,241523,5992
13059,126176,60045,66131,104277,13351,122829,3347
13061,2951,1427,1524,2387,762,2944,7
13063,283538,132756,150782,204016,25570,274935,8603
13065,6686,3380,3306,4962,1039,6536,150
13067,751218,363539,387679,571389,89040,728230,22988
13069,43021,22155,20866,32462,5873,42405,616
13071,45486,22504,22982,33575,6937,44759,727
13073,150705,73770,76935,112288,19884,144384,6321
13075,17177,8224,8953,12781,2729,16842,335
13077,143260,69744,73516,107720,19347,140159,3101
13079,12325,6484,5841,9699,2219,12176,149
13081,22713,10958,11755,17197,4137,22456,257
13083,16197,7913,8284,13107,3068,15816,381
13085,24536,12224,12312,19554,4913,24150,386
13087,26682,12823,13859,20158,4267,26578,104
13089,749323,354278,395045,574477,89507,728107,21216
13091,20829,10958,9871,16723,3642,20369,460
13093,13736,7433,6303,11303,2642,13492,244
13095,89703,41433,48270,68061,13718,88360,1343
13097,143316,68291,75025,105906,16318,139761,3555
13099,10312,4793,5519,7715,1957,10170,142
13101,3981,1888,2093,3100,641,3803,178
13103,60477,29954,30523,44361,6903,58804,1673
13105,19166,9205,9961,14977,3884,19002,164
13107,22533,11047,11486,16905,3545,22079,454
13109,10687,5290,5397,7863,1756,10539,148
13111,25395,12319,13076,21153,7228,24933,462
13113,112303,54446,57857,86090,19884,108606,3697
13115,97369,47109,50260,74689,16060,94552,2817
13117,228383,113527,114856,164774,26669,223122,5261
13119,22766,11116,11650,17786,4388,22352,414
13121,1036200,501571,534629,806180,118227,1011991,24209
13123,30414,15178,15236,24472,7335,29843,571
13125,2996,1461,1535,2313,494,2971,25
13127,84470,39757,44713,65760,16612,82403,2067
13129,57202,28313,28889,43108,8247,56114,1088
13131,24828,12073,12755,18686,4406,23992,836
13133,17349,8535,8814,14053,4935,17210,139
13135,915046,446993,468053,666336,88110,887221,27825
13137,44626,21134,23492,34608,8245,43546,1080
13139,198667,98831,99836,147741,28912,194498,4169
13141,8515,4816,3699,7331,1904,8472,43
13143,29227,14126,15101,22165,4608,28708,519
13145,34105,17143,16962,26641,6163,33106,999
13147,25773,12664,13109,20444,5628,25359,414
13149,11736,5796,5940,9070,1953,11347,389
13151,225356,107505,117851,166706,25576,217560,7796
13153,153507,74436,79071,114120,19060,147974,5533
13155,9320,4904,4416,7268,1741,9276,44
13157,67885,33636,34249,50626,9779,66180,1705
13159,13916,6730,7186,10675,2441,13760,156
13161,15036,7347,7689,11026,2274,14547,489
13163,15618,7522,8096,11927,2806,15437,181
13165,8793,4094,4699,6825,1567,8715,78
13167,9691,5505,4186,7824,1756,9479,212
13169,28579,13728,14851,21886,4967,28151,428
13171,18672,9111,9561,14771,3127,18106,566
13173,10380,5028,5352,7763,1434,10308,72
13175,47405,22431,24974,35686,8175,46999,406
13177,29502,14736,14766,21686,3691,28735,767
13179,61349,31138,30211,44067,5382,57307,4042
13181,7856,3675,4181,6349,1826,7781,75
13183,18692,9457,9235,13419,1692,17698,994
13185,115364,56144,59220,87682,13703,112640,2724
13187,32402,15737,16665,26471,5459,31989,413
13189,21455,9827,11628,16034,3710,21037,418
13191,14174,7128,7046,11795,3639,14083,91
13193,13305,7262,6043,10751,2201,13182,123
13195,29218,14346,14872,22487,4865,28902,316
13197,8432,4031,4401,6611,1742,8323,109
13199,21106,10234,10872,16532,4191,20907,199
13201,5787,2806,2981,4454,1252,5755,32
13205,22244,11535,10709,17129,3579,21603,641
13207,27171,13586,13585,21546,4908,26906,265
13209,9058,4642,4416,7187,1502,8938,120
13211,18507,9065,9442,14309,3611,18198,309
13213,39724,19683,20041,29813,5720,39336,388
13215,195739,95539,100200,147250,25445,186702,9037
13217,108079,51233,56846,79550,13687,105546,2533
13219,38132,18737,19395,27986,5714,37301,831
13221,14931,7559,7372,11585,2818,14635,296
13223,159825,77953,81872,117295,16679,154590,5235
13225,27145,13203,13942,21394,4210,26860,285
13227,31387,15557,15830,25017,6708,28790,2597
13229,19250,9699,9551,14432,3228,18968,282
13231,18327,8964,9363,14019,2837,17968,359
13233,41908,20607,21301,31071,6453,40792,1116
13235,11216,5199,6017,9301,2229,11064,152
13237,21691,10510,11181,17265,5101,21419,272
13239,2289,1087,1202,1835,570,2225,64
13241,16645,8219,8426,13890,4571,16513,132
13243,6973,3378,3595,5198,1503,6848,125
13245,201852,97611,104241,155177,27400,196574,5278
13247,89717,42245,47472,67355,12577,87590,2127
13249,5221,2574,2647,3979,837,5162,59
13251,13989,6801,7188,10969,2554,13838,151
13253,8321,3949,4372,6607,1900,8043,278
13255,65306,31624,33682,49761,11529,64252,1054
13257,25750,11981,13769,19991,5081,25378,372
13259,6293,4187,2106,5524,937,6197,96
13261,30064,14197,15867,23143,5014,29565,499
13263,6321,3051,3270,5233,1483,6296,25
13265,1611,793,818,1370,406,1607,4
13267,25382,14924,10458,20175,3520,24994,388
13269,8116,3863,4253,6459,1581,8086,30
13271,16035,9238,6797,13351,2811,15861,174
13273,8737,4166,4571,6705,1639,8703,34
13275,44630,21262,23368,33981,7852,43576,1054
13277,40541,19674,20867,30464,5859,39934,607
13279,26972,12476,14496,19807,4357,26517,455
13281,11617,5464,6153,10178,3996,11504,113
13283,6795,3495,3300,5330,1408,6771,24
13285,69919,33401,36518,52659,10118,68710,1209
13287,7943,3801,4142,6009,1547,7931,12
13289,8229,4038,4191,6632,1802,8132,97
13291,23288,11350,11938,19485,7568,22984,304
13293,26236,12482,13754,20128,4719,25798,438
13295,69039,34210,34829,53910,12639,67546,1493
13297,91442,44379,47063,68567,13860,89940,1502
13299,35593,17921,17672,27198,6014,34867,726
13301,5297,2469,2828,4195,1143,5259,38
13303,20436,10465,9971,16055,3617,20109,327
13305,29788,14998,14790,22423,4657,28996,792
13307,2610,1272,1338,1977,523,2561,49
13309,7928,5012,2916,6584,1117,7905,23
13311,29489,14398,15091,23667,6505,28896,593
13313,104237,51688,52549,76886,14293,102752,1485
13315,8824,5286,3538,7161,1468,8783,41
13317,9844,4771,5073,7738,2250,9754,90
13319,9010,4273,4737,6940,1688,8893,117
13321,20494,9871,10623,15878,3844,20120,374
15001,199459,99002,100457,156218,40272,141844,57615
15003,984821,496066,488755,775598,170369,756126,228695
15005,66,30,36,65,11,51,15
15007,71769,35529,36240,56014,13859,54649,17120
15009,165979,82633,83346,129561,29095,129697,36282
16001,456849,228886,227963,347052,63734,441452,15397
16003,4097,2112,1985,3396,1209,4017,80
16005,85765,42727,43038,63176,11817,82995,2770
16007,6000,2958,3042,4416,1235,5934,66
16009,9138,4620,4518,7074,2028,8889,249
16011,45839,22914,22925,31624,6295,44264,1575
16013,22373,11521,10852,17410,3977,22014,359
16015,7378,3779,3599,6118,1835,7166,212
16017,43611,21751,21860,34898,10361,42545,1066
16019,114392,57322,57070,79021,14935,111245,3147
16021,11845,5921,5924,9052,2519,11658,187
16023,2581,1359,1222,1986,536,2581,0
16025,1048,497,551,777,197,1045,3
16027,217633,107672,109961,154842,29229,209214,8419
16029,6953,3570,3383,4914,1158,6790,163
16031,23690,12047,11643,16085,3260,23368,322
16033,913,480,433,648,135,913,0
16035,8673,4831,3842,7278,2313,8453,220
16037,4169,2147,2022,3497,1368,3903,266
16039,26743,14059,12684,20032,3480,25656,1087
16041,13464,6915,6549,9087,1859,13207,257
16043,13020,6752,6268,9588,2214,12722,298
16045,17331,8616,8715,13315,3678,16847,484
16047,15148,7773,7375,10984,2528,14765,383
16049,16411,8629,7782,13194,4407,16158,253
16051,28534,14526,14008,18897,3127,28062,472
16053,23730,11982,11748,16421,2990,23322,408
16055,157322,77730,79592,121136,29082,152920,4402
16057,39505,20254,19251,32124,5149,38465,1040
16059,7847,3987,3860,6356,2297,7540,307
16061,3838,1900,1938,2970,947,3732,106
16063,5350,2805,2545,3766,695,5202,148
16065,39100,19881,19219,28421,2590,37954,1146
16067,20705,10345,10360,14796,3275,20427,278
16069,40217,19834,20383,31677,7880,39138,1079
16071,4385,2146,2239,3081,841,4305,80
16073,11552,5952,5600,8530,2074,11157,395
16075,23260,11544,11716,17085,4160,22384,876
16077,7671,3881,3790,5348,1203,7658,13
16079,12609,6298,6311,10057,2816,12285,324
16081,11426,5972,5454,8545,1244,11186,240
16083,84869,41795,43074,61327,12788,83247,1622
16085,10709,5411,5298,8890,2949,10668,41
16087,10057,4924,5133,7712,2475,9728,329
17001,66085,32276,33809,51164,13186,65088,997
17003,6260,2991,3269,4803,1332,6142,118
17005,16589,8582,8007,13428,3031,16540,49
17007,53537,26792,26745,40023,8334,52246,1291
17009,6628,4193,2435,5486,960,6605,23
17011,33122,16334,16788,26025,7163,32668,454
17013,4830,2420,2410,3821,1124,4803,27
17015,14466,7178,7288,11661,3598,14243,223
17017,12493,6236,6257,9450,2156,12359,134
17019,209922,104627,105295,170337,25959,204346,5576
17021,32931,16644,16287,26185,6374,32556,375
17023,15716,7756,7960,12093,3041,15527,189
17025,13287,6634,6653,10270,2661,12964,323
17027,37634,19604,18030,29662,6261,37048,586
17029,51353,24877,26476,42098,8495,50601,752
17031,5198275,2522949,2675326,4053168,741170,5060136,138139
17033,18972,9906,9066,15209,3558,18515,457
17035,10836,5476,5360,8355,2094,10661,175
17037,104366,51753,52613,81843,12682,101816,2550
17039,15932,7947,7985,12489,2990,15620,312
17041,19623,9721,9902,14710,3445,19378,245
17043,929060,456209,472851,716576,139388,902732,26328
17045,17407,8540,8867,13878,3777,17343,64
17047,6455,3218,3237,4956,1350,6364,91
17049,34137,16958,17179,26043,5851,33820,317
17051,21565,11469,10096,17111,4058,21477,88
17053,13270,6551,6719,10253,2498,13183,87
17055,38923,19195,19728,30305,7819,38509,414
17057,35092,18321,16771,28130,7045,34645,447
17059,5064,2463,2601,4026,1191,4960,104
17061,13132,6591,6541,10403,2502,13004,128
17063,50666,25313,25353,37785,6881,49744,922
17065,8176,4072,4104,6364,1759,8176,0
17067,17983,8975,9008,14193,4102,17710,273
17069,3939,1968,1971,3263,976,3882,57
17071,6809,3356,3453,5551,1688,6695,114
17073,49267,24536,24731,38250,10006,48628,639
17075,27812,13576,14236,21740,5895,27294,518
17077,57977,28661,29316,47331,8597,56241,1736
17079,9594,4773,4821,7368,1827,9400,194
17081,37985,19500,18485,29543,7074,36948,1037
17083,21937,10720,11217,17380,4185,21414,523
17085,21588,10864,10724,17462,5873,21372,216
17087,12494,6940,5554,10230,2615,12458,36
17089,531376,264564,266812,393676,69950,516067,15309
17091,110637,54462,56175,85128,18008,108550,2087
17093,126054,62117,63937,89708,12753,122666,3388
17095,50508,25586,24922,40517,10528,49607,901
17097,701473,350466,351007,529927,96339,680907,20566
17099,109737,55245,54492,86024,20269,107803,1934
17101,16033,8687,7346,13139,3005,15725,308
17103,34389,18299,16090,27577,6511,33687,702
17105,36040,18429,17611,28278,6818,35470,570
17107,29003,14298,14705,23396,5224,28201,802
17109,30479,14845,15634,25256,5234,29659,820
17111,307714,153295,154419,234370,43124,301757,5957
17113,172578,83872,88706,135227,21949,168506,4072
17115,105528,50585,54943,82008,20493,99692,5836
17117,45463,22535,22928,35780,8895,44860,603
17119,264776,129045,135731,206631,44479,259255,5521
17121,37743,18613,19130,29068,7288,36783,960
17123,11679,5788,5891,9284,2661,11484,195
17125,13621,6708,6913,10804,3005,13409,212
17127,14219,6714,7505,11015,2962,13821,398
17129,12306,6031,6275,9612,2388,12082,224
17131,15589,7792,7797,12225,3284,15354,235
17133,34168,16788,17380,26526,5891,33923,245
17135,28828,15134,13694,23052,5655,28559,269
17137,34247,17174,17073,27759,6703,33583,664
17139,14641,7199,7442,10965,2766,14543,98
17141,51025,25310,25715,39465,9276,50201,824
17143,182770,88617,94153,139285,30069,176085,6685
17145,21251,11627,9624,17212,3924,20941,310
17147,16401,8076,8325,12705,3134,16141,260
17149,15672,7744,7928,12129,3225,15499,173
17151,4203,2262,1941,3577,1150,4140,63
17153,5510,2717,2793,4304,1201,5312,198
17155,5721,2962,2759,4606,1298,5654,67
17157,32295,17877,14418,26080,5971,31822,473
17159,15766,7797,7969,12140,3166,15546,220
17161,143873,70898,72975,111739,27050,138607,5266
17163,262338,126734,135604,200499,39961,254550,7788
17165,23994,11807,12187,18798,4785,23273,721
17167,196861,94496,102365,152674,33946,191647,5214
17169,6953,3641,3312,5649,1528,6853,100
17171,5005,2437,2568,3909,996,4960,45
17173,21737,10721,11016,17103,4801,21597,140
17175,5447,2691,2756,4273,1192,5397,50
17177,45093,21808,23285,35355,9959,43676,1417
17179,133195,65539,67656,102821,24376,131316,1879
17181,16968,8508,8460,13379,3470,16596,372
17183,77563,38565,38998,59125,14530,76201,1362
17185,11546,5666,5880,8980,2336,11291,255
17187,17146,8169,8977,13390,3186,16949,197
17189,14058,7068,6990,11020,2796,13871,187
17191,16402,8110,8292,12679,3493,16198,204
17193,13868,6785,7083,10874,2993,13787,81
17195,56016,27705,28311,43540,11371,54876,1140
17197,689315,342031,347284,514973,86914,668595,20720
17199,67102,33474,33628,52420,12505,65381,1721
17201,284819,139039,145780,217729,48452,275359,9460
17203,38700,19355,19345,29300,6727,38050,650
18001,35376,17650,17726,24287,5352,35102,274
18003,372575,182088,190487,276268,52951,358725,13850
18005,82481,41170,41311,62710,13234,80346,2135
18007,8677,4332,4345,6516,1520,8536,141
18009,12013,5965,6048,9422,2524,11797,216
18011,65544,32417,33127,48175,8462,64419,1125
18013,15064,7354,7710,12384,3661,14825,239
18015,20074,10085,9989,15592,3844,19955,119
18017,37880,19019,18861,29067,6594,36857,1023
18019,116507,56860,59647,90073,17949,112411,4096
18021,26234,12925,13309,20207,4676,25657,577
18023,32273,16067,16206,23813,5214,32017,256
18025,10569,5356,5213,8148,2025,10346,223
18027,33120,16687,16433,23421,5029,32737,383
18029,49479,24658,24821,38213,8421,49013,466
18031,26562,13182,13380,20120,4384,26381,181
18033,42927,21411,21516,32455,6778,42321,606
18035,115020,55549,59471,93705,19384,112051,2969
18037,42543,21180,21363,32031,7171,42069,474
18039,204558,101223,103335,147834,29243,198144,6414
18041,23194,11402,11792,18065,4552,23056,138
18043,77320,37319,40001,59698,12125,75409,1911
18045,16430,8254,8176,12795,3205,16182,248
18047,22774,11230,11544,17335,3993,22474,300
18049,20096,9903,10193,15362,3799,19779,317
18051,33656,16923,16733,25687,5787,32912,744
18053,66452,31695,34757,52645,12406,64498,1954
18055,32159,15971,16188,25091,6201,31674,485
18057,323117,157702,165415,234567,38362,315205,7912
18059,75164,37039,38125,57482,11971,73691,1473
18061,39940,19862,20078,30894,6878,39410,530
18063,163799,81767,82032,122387,21828,160717,3082
18065,48255,25389,22866,38378,8991,47513,742
18067,82331,39867,42464,63681,15690,80409,1922
18069,36359,17919,18440,28528,6128,36075,284
18071,44025,21842,22183,33244,6978,43345,680
18073,33447,16731,16716,25569,5783,32718,729
18075,20840,10452,10388,15561,3615,20637,203
18077,32201,15332,16869,25567,5590,31804,397
18079,27710,13964,13746,21292,4412,27602,108
18081,153716,75493,78223,115437,22150,151203,2513
18083,37065,18817,18248,29120,6494,36528,537
18085,79035,39472,39563,59962,12827,77438,1597
18087,39193,19811,19382,26349,5259,38536,657
18089,485707,234929,250778,370770,78104,469180,16527
18091,110154,56741,53413,86374,19099,106557,3597
18093,45548,22485,23063,35559,9006,44804,744
18095,129455,64666,64789,101226,23226,125947,3508
18097,951869,458696,493173,716549,116806,919630,32239
18099,46461,23189,23272,34682,8028,45459,1002
18101,10212,5158,5054,7936,1951,10155,57
18103,35815,19028,16787,28138,6198,35301,514
18105,146461,72846,73615,123349,18463,141436,5025
18107,38287,19388,18899,29602,6810,37377,910
18109,69922,34624,35298,53931,11371,69029,893
18111,13992,6989,7003,10997,2647,13892,100
18113,47506,23872,23634,35518,7233,46634,872
18115,5874,2922,2952,4745,1232,5792,82
18117,19545,9805,9740,15039,3697,19320,225
18119,20835,10636,10199,16419,3950,20472,363
18121,16946,8170,8776,13308,3239,16486,460
18123,19102,10191,8911,15019,3468,18876,226
18125,12378,6176,6202,9547,2437,12258,120
18127,168636,83467,85169,131131,26892,164623,4013
18129,25560,12744,12816,19840,4654,25266,294
18131,12559,6330,6229,9688,2374,12280,279
18133,37384,19760,17624,30096,6123,36938,446
18135,24926,12214,12712,19187,4907,24305,621
18137,28391,14040,14351,21643,4925,28129,262
18139,16641,8092,8549,12873,2974,16498,143
18141,270216,131381,138835,206185,41609,260537,9679
18143,23759,11681,12078,18441,3947,23455,304
18145,44438,21874,22564,34304,7400,43724,714
18147,20447,10264,10183,15921,3940,20214,233
18149,22952,11422,11530,17545,4089,22731,221
18151,34453,17548,16905,27384,6746,33662,791
18153,20730,11076,9654,16653,3577,20295,435
18155,10685,5533,5152,7999,1894,10545,140
18157,191553,97798,93755,152093,21322,187001,4552
18159,15162,7538,7624,12008,3075,14816,346
18161,7113,3480,3633,5592,1339,7062,51
18163,181291,87633,93658,141945,29766,176406,4885
18165,15539,7778,7761,12107,3022,15423,116
18167,107459,54561,52898,85414,17153,103879,3580
18169,31389,15334,16055,24882,6401,31071,318
18171,8237,4109,4128,6424,1658,8120,117
18173,62280,30667,31613,47330,10594,61515,765
18175,27848,13885,13963,21478,4657,27553,295
18177,66342,32240,34102,51666,12467,64441,1901
18179,28011,13734,14277,21107,5024,27529,482
18181,24149,12063,12086,18499,4711,23745,404
18183,33730,16755,16975,25932,5943,33100,630
19001,7085,3505,3580,5566,1566,7011,74
19003,3670,1830,1840,2903,836,3662,8
19005,13813,6975,6838,10619,3076,13675,138
19007,12452,6138,6314,9719,2827,12261,191
19009,5571,2770,2801,4425,1354,5429,142
19011,25636,12788,12848,19584,4631,25300,336
19013,132393,65087,67306,103708,21138,129353,3040
19015,26370,13203,13167,20646,4665,25921,449
19017,24864,12313,12551,19326,4866,24574,290
19019,21118,10432,10686,15469,3769,20734,384
19021,20058,9999,10059,14864,3027,19773,285
19023,14628,7291,7337,11220,3268,14496,132
19025,9744,5057,4687,7681,2222,9579,165
19027,20281,10005,10276,15313,4000,20134,147
19029,13091,6457,6634,10185,2954,12931,160
19031,18457,9179,9278,14202,3553,18375,82
19033,42834,20905,21929,34021,9043,42041,793
19035,11343,5720,5623,8906,2666,11125,218
19037,12026,6090,5936,9274,2420,11970,56
19039,9360,4588,4772,7059,1671,9183,177
19041,16211,7998,8213,12550,3329,15813,398
19043,17625,8946,8679,13867,4045,17511,114
19045,46909,22958,23951,36220,9057,45822,1087
19047,17034,8491,8543,12806,2900,16670,364
19049,87099,42984,44115,62763,10357,85326,1773
19051,8920,4403,4517,6299,1555,8809,111
19053,7979,4009,3970,6244,1567,7838,141
19055,17183,8626,8557,13063,3276,16990,193
19057,39386,19149,20237,30457,7981,38236,1150
19059,17127,8519,8608,13891,4374,17006,121
19061,96982,47818,49164,74779,16778,95511,1471
19063,9438,4728,4710,7479,1937,9280,158
19065,19803,9956,9847,15654,4159,19459,344
19067,15786,7757,8029,12224,3428,15503,283
19069,10162,5055,5107,7819,2109,10132,30
19071,6946,3455,3491,5434,1547,6866,80
19073,8950,4397,4553,6908,1996,8780,170
19075,12299,6087,6212,9464,2519,12201,98
19077,10669,5278,5391,8238,2358,10482,187
19079,14997,7376,7621,11564,3024,14975,22
19081,10802,5418,5384,8414,2358,10737,65
19083,17061,8522,8539,13479,3634,16816,245
19085,14089,7030,7059,10851,2736,13886,203
19087,19941,10133,9808,15581,3676,19422,519
19089,9226,4613,4613,6887,1866,9122,104
19091,9554,4683,4871,7327,1987,9438,116
19093,6901,3442,3459,5282,1511,6845,56
19095,16189,8020,8169,12469,2984,15986,203
19097,19401,9713,9688,15089,3957,19152,249
19099,36971,18879,18092,28696,6989,36333,638
19101,18148,8889,9259,15281,3915,17454,694
19103,148577,73612,74965,118758,16810,145123,3454
19105,20559,10633,9926,16168,4144,20279,280
19107,10188,5180,5008,7866,2194,10070,118
19109,14978,7508,7470,11685,3456,14815,163
19111,34227,17263,16964,26779,6805,33483,744
19113,223861,110379,113482,171251,34771,217033,6828
19115,11178,5728,5450,8650,2049,11078,100
19117,8583,4317,4266,6595,1836,8549,34
19119,11776,6012,5764,8446,2103,11644,132
19121,16012,8101,7911,12049,2735,15840,172
19123,22164,11148,11016,16848,4005,21874,290
19125,33172,16498,16674,25428,5805,32709,463
19127,39964,20308,19656,29900,7069,39051,913
19129,15034,7516,7518,11437,2711,14910,124
19131,10608,5233,5375,8124,2306,10506,102
19133,8730,4181,4549,6944,2125,8652,78
19135,7807,3886,3921,5967,1533,7780,27
19137,10053,4850,5203,7752,2100,9868,185
19139,42889,21323,21566,32189,6908,41664,1225
19141,13835,6845,6990,10556,2836,13695,140
19143,6052,3059,2993,4636,1269,5952,100
19145,15268,7996,7272,12223,3305,14933,335
19147,9003,4468,4535,6873,1938,8913,90
19149,25068,12296,12772,18810,4531,24800,268
19151,6797,3318,3479,5332,1544,6758,39
19153,479612,236343,243269,359784,61222,465838,13774
19155,93393,46036,47357,71402,15838,91589,1804
19157,18388,8839,9549,14792,3715,18102,286
19159,4964,2418,2546,3766,1192,4931,33
19161,9802,4840,4962,7614,2270,9722,80
19163,172446,84605,87841,131299,27192,167170,5276
19165,11606,5682,5924,9019,2632,11449,157
19167,34827,17485,17342,25395,5301,34232,595
19169,96941,50622,46319,80837,11437,94520,2421
19171,17032,8444,8588,12936,3324,16854,178
19173,6167,3133,3034,4732,1355,6068,99
19175,12358,6001,6357,9583,2475,12236,122
19177,7150,3665,3485,5481,1582,7069,81
19179,35141,17401,17740,27154,6100,34437,704
19181,50076,24497,25579,37653,7781,49281,795
19183,22100,10964,11136,16634,4141,21801,299
19185,6429,3168,3261,4811,1395,6328,101
19187,36545,18874,17671,28777,6587,35896,649
19189,10534,5188,5346,8248,2197,10418,116
19191,20262,10058,10204,16512,4057,20161,101
19193,102586,50762,51824,75741,15071,99021,3565
19195,7445,3755,3690,5884,1503,7355,90
19197,12739,6434,6305,9682,2806,12538,201
20001,12556,6217,6339,9721,2541,11985,571
20003,7835,3891,3944,5798,1657,7781,54
20005,16268,7844,8424,12452,2752,15312,956
20007,4624,2352,2272,3521,998,4534,90
20009,26453,13040,13413,20172,4986,25960,493
20011,14608,7198,7410,10864,2840,14076,532
20013,9626,4737,4889,7199,1877,9235,391
20015,66698,33771,32927,49568,9898,65177,1521
20017,2637,1354,1283,2034,637,2582,55
20019,3323,1747,1576,2583,866,3105,218
20021,20179,10014,10165,15399,3839,18903,1276
20023,2665,1326,1339,2097,705,2654,11
20025,2026,1050,976,1525,478,1981,45
20027,8082,4036,4046,6140,1868,7973,109
20029,8938,4452,4486,6829,1876,8785,153
20031,8254,4204,4050,6476,1717,8000,254
20033,1740,926,814,1354,454,1737,3
20035,35351,17848,17503,26945,6399,33807,1544
20037,38968,19495,19473,30442,5920,37577,1391
20039,2860,1424,1436,2317,785,2845,15
20041,18828,9488,9340,14353,3663,18445,383
20043,7684,3921,3763,6220,1449,7621,63
20045,120290,59669,60621,98067,14205,115037,5253
20047,2869,1430,1439,2215,606,2811,58
20049,2523,1233,1290,1978,730,2433,90
20051,28775,14329,14446,22454,4315,27796,979
20053,6231,3536,2695,5084,1284,6038,193
20055,36750,18897,17853,25473,3905,35694,1056
20057,34179,17756,16423,23834,3618,33443,736
20059,25558,12546,13012,19388,4205,24686,872
20061,34025,18172,15853,23517,2767,32138,1887
20063,2644,1330,1314,2076,702,2569,75
20065,2519,1261,1258,2005,668,2423,96
20067,7467,3888,3579,5140,962,7417,50
20069,6039,3031,3008,4266,895,5942,97
20071,1185,596,589,876,243,1167,18
20073,6081,3065,3016,4781,1503,5823,258
20075,2591,1413,1178,1877,351,2576,15
20077,5594,2846,2748,4215,1245,5497,97
20079,34503,17159,17344,26040,6615,33442,1061
20081,4018,2017,2001,2866,570,3972,46
20083,1876,956,920,1469,413,1841,35
20085,13266,6627,6639,9950,2498,12755,511
20087,18890,9560,9330,14543,3487,18443,447
20089,2885,1473,1412,2330,855,2853,32
20091,591506,290098,301408,445914,83169,574430,17076
20093,3907,1860,2047,2784,572,3881,26
20095,7340,3671,3669,5700,1600,7168,172
20097,2505,1216,1289,1917,534,2433,72
20099,20119,9902,10217,15333,3717,19118,1001
20101,1564,798,766,1177,288,1564,0
20103,80745,43283,37462,61542,11394,77213,3532
20105,3044,1561,1483,2357,721,2991,53
20107,9671,4847,4824,7475,2137,9465,206
20109,2805,1408,1397,2113,566,2726,79
20111,33251,16107,17144,25804,4910,31844,1407
20113,28567,14070,14497,22052,5573,28003,564
20115,11964,5994,5970,9382,2764,11633,331
20117,9749,4887,4862,7409,2081,9554,195
20119,4180,2090,2090,3129,724,4067,113
20121,33417,16658,16759,25182,5694,32994,423
20123,6145,3125,3020,4772,1452,6076,69
20125,32521,16205,16316,24801,6258,31018,1503
20127,5566,2773,2793,4364,1355,5409,157
20129,2754,1375,1379,2054,578,2644,110
20131,10121,5127,4994,7433,1992,9984,137
20133,16108,7984,8124,12120,3095,15587,521
20135,2876,1472,1404,2259,727,2834,42
20137,5446,3018,2428,4389,1117,5344,102
20139,15881,7953,7928,12176,3105,15411,470
20141,3530,1765,1765,2785,862,3454,76
20143,5822,2997,2825,4488,1157,5732,90
20145,6629,3670,2959,5405,1344,6441,188
20147,5340,2631,2709,4142,1219,5260,80
20149,23847,11934,11913,16817,3363,23341,506
20151,9452,4724,4728,7041,1785,9281,171
20153,2502,1277,1225,1989,672,2462,40
20155,62765,31578,31187,48515,12120,61060,1705
20157,4658,2244,2414,3688,1277,4614,44
20159,9658,4853,4805,7447,1800,9345,313
20161,75056,39748,35308,62624,6690,71859,3197
20163,5053,2428,2625,3936,1118,4990,63
20165,3022,1503,1519,2362,751,2916,106
20167,6948,3451,3497,5501,1637,6832,116
20169,54701,27149,27552,41860,9412,52396,2305
20171,4917,2555,2362,3603,891,4847,70
20173,513375,253563,259812,380448,72054,490992,22383
20175,22349,11410,10939,15276,2099,21900,449
20177,177852,85977,91875,135526,31300,171251,6601
20179,2506,1286,1220,1912,589,2491,15
20181,5938,3086,2852,4535,1114,5834,104
20183,3627,1796,1831,2918,991,3557,70
20185,4181,2126,2055,3210,881,4096,85
20187,2052,1010,1042,1438,351,2001,51
20189,5603,2837,2766,3955,816,5377,226
20191,23114,11557,11557,17431,4230,22553,561
20193,7810,3773,4037,6037,1276,7725,85
20195,2840,1422,1418,2337,718,2814,26
20197,6889,3490,3399,5249,1345,6743,146
20199,1574,768,806,1165,349,1521,53
20201,5493,2807,2686,4261,1309,5459,34
20203,2130,999,1131,1595,400,2101,29
20205,8688,4261,4427,6603,1826,8315,373
20207,3157,1606,1551,2471,771,2986,171
20209,164861,81809,83052,118921,19840,157287,7574
21001,19222,9540,9682,15473,3571,19029,193
21003,20944,10456,10488,15962,3628,20617,327
21005,22409,10976,11433,17061,3459,22080,329
21007,8032,3966,4066,6267,1666,7856,176
21009,43884,21118,22766,33404,7525,42611,1273
21011,12355,6142,6213,9150,1997,12198,157
21013,26791,13174,13617,21092,4979,26414,377
21015,130820,64953,65867,96233,16864,127634,3186
21017,20058,9618,10440,15523,3800,19970,88
21019,47682,23854,23828,37522,9014,46470,1212
21021,29972,15008,14964,23990,5561,29325,647
21023,8305,4184,4121,6316,1341,8192,113
21025,12977,6515,6462,10335,2137,12897,80
21027,20176,10173,10003,15551,3888,19824,352
21029,80171,40070,40101,62465,12282,78946,1225
21031,12764,6420,6344,9873,2306,12621,143
21033,12702,6249,6453,9867,2653,12609,93
21035,38837,18835,20002,31798,6536,37701,1136
21037,92861,45407,47454,73184,14117,91582,1279
21039,4784,2338,2446,3694,987,4695,89
21041,10671,5466,5205,7920,1610,10551,120
21043,27159,13345,13814,21108,4966,26931,228
21045,15885,7749,8136,12282,3162,15675,210
21047,71414,37966,33448,52086,8611,69288,2126
21049,35971,17561,18410,27905,6308,35395,576
21051,20368,10674,9694,16028,3005,20031,337
21053,10193,5093,5100,7864,1945,10042,151
21055,9000,4595,4405,6978,1821,8858,142
21057,6697,3253,3444,5220,1440,6555,142
21059,100474,49081,51393,75979,16779,97830,2644
21061,12138,6117,6021,9878,2447,11835,303
21063,7510,4269,3241,6129,1425,7492,18
21065,14224,7015,7209,11148,2646,14142,82
21067,320601,157231,163370,253550,41539,308574,12027
21069,14513,7152,7361,10960,2537,14345,168
21071,36456,17813,18643,28582,6378,36062,394
21073,50529,24519,26010,39959,8605,48583,1946
21075,6130,3077,3053,4788,1230,5969,161
21077,8737,4491,4246,6583,1193,8577,160
21079,17445,8506,8939,13539,3121,17187,258
21081,24951,12323,12628,18278,3404,24525,426
21083,37248,18338,18910,28262,6789,36273,975
21085,26247,13073,13174,19987,4523,25862,385
21087,10979,5381,5598,8662,2211,10818,161
21089,35555,17392,18163,27917,7213,35083,472
21091,8720,4523,4197,6519,1471,8575,145
21093,108527,54044,54483,81839,14852,102889,5638
21095,26699,12871,13828,20592,4778,26266,433
21097,18722,9241,9481,14410,3266,18228,494
21099,18729,9211,9518,14058,3064,18439,290
21101,45829,22133,23696,35342,7889,44487,1342
21103,15911,7910,8001,12167,2705,15622,289
21105,4510,2137,2373,3645,1097,4360,150
21107,45331,22126,23205,34911,8157,44249,1082
21109,13369,6632,6737,10359,2274,13153,216
21111,767419,370951,396468,596428,120799,747922,19497
21113,53032,25630,27402,40099,7787,52154,878
21115,22634,11121,11513,17543,4007,22511,123
21117,165668,81938,83730,125887,23111,161594,4074
21119,15260,7504,7756,12194,2693,15056,204
21121,31365,15302,16063,24036,5367,30937,428
21123,14204,7005,7199,10993,2431,13980,224
21125,60357,29539,30818,46400,9691,59573,784
21127,15671,7768,7903,11938,2676,15562,109
21129,6881,3624,3257,5475,1196,6726,155
21131,10283,5045,5238,8075,1792,10133,150
21133,22295,10850,11445,17476,4128,22034,261
21135,13417,6717,6700,10422,2398,13255,162
21137,24476,11984,12492,18686,4366,23815,661
21139,9235,4581,4654,7309,1942,9054,181
21141,26902,13127,13775,20543,4895,26473,429
21143,8271,4359,3912,7120,2209,8162,109
21145,65268,31322,33946,50817,12651,63658,1610
21147,17465,9525,7940,13510,2672,17013,452
21149,9283,4580,4703,7080,1785,9183,100
21151,90802,44220,46582,71847,12131,88596,2206
21153,12491,6238,6253,9635,2093,12491,0
21155,19244,9759,9485,14559,3174,18915,329
21157,31192,15218,15974,24788,6762,30831,361
21159,11648,6433,5215,9325,1827,11570,78
21161,17112,8490,8622,13236,2989,16803,309
21163,28182,14232,13950,21724,3937,27480,702
21165,6443,3414,3029,5095,1302,6361,82
21167,21592,10617,10975,16816,3985,21249,343
21169,10036,4999,5037,7730,1884,9831,205
21171,10627,5332,5295,8230,1956,10546,81
21173,27884,13737,14147,21209,4396,27460,424
21175,13288,7481,5807,10812,2186,13138,150
21177,30951,15239,15712,24645,5763,30480,471
21179,45650,22785,22865,34757,6975,44770,880
21181,7153,3439,3714,5454,1206,7045,108
21183,24071,11843,12228,18110,4246,23808,263
21185,65967,34554,31413,49096,8384,64277,1690
21187,10796,5368,5428,8363,1931,10760,36
21189,4442,2018,2424,3544,844,4442,0
21191,14572,7422,7150,11173,2262,14445,127
21193,26624,13179,13445,20682,4349,26379,245
21195,59497,28874,30623,47183,10761,59053,444
21197,12304,6033,6271,9338,1906,12149,155
21199,64350,31316,33034,50012,12005,63510,840
21201,2123,981,1142,1616,456,2123,0
21203,16820,8155,8665,13110,2994,16741,79
21205,24507,11806,12701,19877,3339,24183,324
21207,17778,8648,9130,13757,3511,17520,258
21209,54667,26941,27726,40798,6480,52847,1820
21211,47325,22962,24363,36278,7242,46033,1292
21213,18183,8952,9231,13736,2986,17779,404
21215,18680,9449,9231,14385,2517,18461,219
21217,25571,12527,13044,19798,4452,24793,778
21219,12316,6087,6229,9027,1921,12114,202
21221,14449,7196,7253,11263,3208,14256,193
21223,8558,4221,4337,6688,1465,8445,113
21225,14638,7644,6994,11834,2370,14271,367
21227,128652,62979,65673,99429,16283,124877,3775
21229,12023,5900,6123,9221,2151,11735,288
21231,20546,10227,10319,16231,4124,20270,276
21233,13068,6479,6589,10040,2269,12636,432
21235,36131,17701,18430,27070,5702,35673,458
21237,7207,3603,3604,5539,1376,7132,75
21239,26318,12448,13870,20461,4670,25672,646
22001,62457,30442,32015,46105,9280,60725,1732
22003,25618,14542,11076,19882,3775,24908,710
22005,123114,60828,62286,89882,14010,119277,3837
22007,22478,10866,11612,17527,3902,22237,241
22009,40669,20490,20179,31062,6797,38696,1973
22011,37043,18833,18210,27860,5700,36009,1034
22013,13564,6397,7167,10492,2754,13443,121
22015,126499,62397,64102,94978,17476,124068,2431
22017,245831,116446,129385,186997,40601,240804,5027
22019,201619,98398,103221,151303,29382,196742,4877
22021,9992,5239,4753,7662,1812,9934,58
22023,6930,3355,3575,5361,1108,6831,99
22025,9766,5132,4634,7639,1639,9751,15
22027,15985,9131,6854,13093,3014,15787,198
22029,19778,10049,9729,15069,3340,19730,48
22031,27289,13298,13991,20595,4699,26751,538
22033,443763,212317,231446,342498,60902,435523,8240
22035,7096,4309,2787,5826,996,7042,54
22037,19371,10783,8588,15849,3303,19200,171
22039,33589,17218,16371,25220,5069,33088,501
22041,20238,9891,10347,15082,3573,20125,113
22043,22340,12624,9716,17719,3282,21812,528
22045,71887,35150,36737,53009,10400,69714,2173
22047,32822,16535,16287,25887,4973,32322,500
22049,15879,8052,7827,12486,3188,15811,68
22051,434850,210690,224160,338950,72333,425148,9702
22053,31441,15550,15891,23451,5065,30856,585
22055,241973,117992,123981,184470,30732,237783,4190
22057,98108,48217,49891,75187,14757,95460,2648
22059,14936,7783,7153,11426,2494,14768,168
22061,47246,22972,24274,37737,6329,46705,541
22063,138928,68224,70704,102990,17941,136402,2526
22065,11306,5630,5676,8599,1567,11272,34
22067,25610,12309,13301,19379,4666,25478,132
22069,38769,18562,20207,29497,6224,38061,708
22071,390845,185513,205332,312340,55281,383345,7500
22073,155494,74589,80905,116459,22486,153555,1939
22075,23338,11744,11594,17241,3042,22182,1156
22077,22016,10574,11442,17109,4444,21807,209
22079,130970,63380,67590,98330,20804,127974,2996
22081,8565,4023,4542,6460,1605,8307,258
22083,20350,9909,10441,15540,3494,20086,264
22085,23991,11853,12138,18300,4825,22290,1701
22087,46266,22625,23641,33856,5113,45134,1132
22089,52773,26406,26367,39772,6880,52219,554
22091,10297,4977,5320,8100,1941,10279,18
22093,21308,10111,11197,16418,3558,21191,117
22095,43242,21197,22045,32522,5936,42579,663
22097,83172,40138,43034,60852,13107,81863,1309
22099,53732,26437,27295,40669,7911,52609,1123
22101,50968,25211,25757,38625,8193,48777,2191
22103,255155,123830,131325,193703,41823,250415,4740
22105,132057,63939,68118,99620,18491,129242,2815
22107,4561,2247,2314,3476,1084,4559,2
22109,112054,55354,56700,83442,15527,109063,2991
22111,22353,11150,11203,17419,4524,21972,381
22113,59865,28936,30929,44516,9008,59201,664
22115,49646,26265,23381,37194,5823,48016,1630
22117,46435,22925,23510,35254,8135,45658,777
22119,39242,19171,20071,30365,7567,38685,557
22121,26101,12738,13363,19860,3479,25799,302
22123,11041,5593,5448,8518,2068,10883,158
22125,15428,9875,5553,12912,2170,15254,174
22127,14313,7625,6688,11371,2616,14196,117
23001,107602,52573,55029,84153,18603,102216,5386
23003,67809,33546,34263,55326,15881,66756,1053
23005,292307,141794,150513,237230,52133,285067,7240
23007,29982,14700,15282,24566,6437,29275,707
23009,54601,26374,28227,45168,13129,53831,770
23011,121753,59400,62353,98144,23645,119647,2106
23013,39759,19815,19944,32578,9647,38917,842
23015,34201,16761,17440,28480,9263,33834,367
23017,57550,28448,29102,46777,12229,56097,1453
23019,151774,75235,76539,123988,27349,148678,3096
23021,16836,8408,8428,13926,4359,16609,227
23023,35452,17339,18113,28707,7728,34675,777
23025,50520,25021,25499,40783,10445,49570,950
23027,39539,19409,20130,32121,8613,38791,748
23029,31491,15468,16023,25498,7482,30820,671
23031,204316,99651,104665,165549,40625,200913,3403
24001,71445,37335,34110,58996,14169,69779,1666
24003,571275,282621,288654,443546,82281,547924,23351
24005,828018,392496,435522,649094,139256,804906,23112
24009,91511,45538,45973,70189,13252,87470,4041
24011,33049,16170,16879,25208,5299,32163,886
24013,167699,82963,84736,131020,27434,164268,3431
24015,102552,51022,51530,79220,15639,99616,2936
24017,159428,76779,82649,120955,19412,150607,8821
24019,32138,15177,16961,25329,6737,30397,1741
24021,251422,123912,127510,192678,35468,243085,8337
24023,29235,14478,14757,23734,6436,28788,447
24025,252222,123549,128673,195654,39848,243759,8463
24027,318855,155961,162894,240908,42755,304695,14160
24029,19536,9294,10242,16454,5120,19087,449
24031,1043530,504128,539402,799948,156825,998120,45410
24033,908670,437440,471230,705633,116822,881779,26891
24035,49632,24634,24998,38865,9119,48849,783
24037,112290,56147,56143,84945,14091,108101,4189
24039,25729,13926,11803,21274,4174,25107,622
24041,37167,17627,19540,30310,10595,35539,1628
24043,150109,76330,73779,117164,25239,143951,6158
24045,102539,48681,53858,80034,15847,99756,2783
24047,51765,25357,26408,42799,14139,50544,1221
24510,609032,286048,322984,483209,82721,593866,15166
25001,213496,102086,111410,180919,63581,209048,4448
25003,126425,61150,65275,104779,28620,122906,3519
25005,561037,271591,289446,444436,93298,544030,17007
25007,17312,8535,8777,14105,4033,16608,704
25009,783676,377772,405904,615581,130887,760097,23579
25011,70577,34374,36203,58214,14920,68736,1841
25013,467871,225964,241907,366129,77013,454068,13803
25015,161032,75294,85738,137121,26753,155798,5234
25017,1600842,783073,817769,1281363,239915,1552976,47866
25019,11168,5720,5448,8857,1631,10824,344
25021,700437,336802,363635,552309,115968,683383,17054
25023,515303,250326,264977,403378,90730,503806,11497
25025,796605,384878,411727,662970,93712,744126,52479
25027,824772,406642,418130,649132,126028,801112,23660
26001,10353,5235,5118,9010,3711,10194,159
26003,9151,5075,4076,7765,2257,8827,324
26005,116143,58027,58116,87854,18642,113180,2963
26007,28520,14068,14452,23176,6488,28128,392
26009,23206,11582,11624,18964,6189,22852,354
26011,15070,7635,7435,12349,3662,14835,235
26013,8421,4657,3764,6913,1827,7883,538
26015,60540,30464,30076,47069,10917,59696,844
26017,104104,51139,52965,82826,20411,101709,2395
26019,17615,8750,8865,14365,4545,17295,320
26021,154133,75425,78708,120304,29744,149300,4833
26023,43513,22481,21032,33475,7900,42834,679
26025,134212,65779,68433,103329,23230,128171,6041
26027,51523,25836,25687,40763,10455,49966,1557
26029,26188,12974,13214,21130,6204,25651,537
26031,25418,12713,12705,21161,6802,24578,840
26033,37629,20498,17131,30748,6651,34661,2968
26035,30651,15242,15409,24574,7121,30015,636
26037,78389,38704,39685,60710,12897,76455,1934
26039,13892,7065,6827,11381,3461,13672,220
26041,36026,17924,18102,28825,8417,34779,1247
26043,25439,12759,12680,20390,5591,25018,421
26045,109456,53603,55853,86404,19600,106529,2927
26047,33104,16359,16745,26647,7192,32084,1020
26049,407875,196695,211180,315087,69337,393777,14098
26051,25279,12744,12535,20434,6655,24900,379
26053,15061,8019,7042,12708,3852,14788,273
26055,92181,45476,46705,73418,17690,90031,2150
26057,40916,21928,18988,32764,7037,40120,796
26059,45757,22841,22916,35712,8719,45046,711
26061,36070,19495,16575,28785,6123,35291,779
26063,31349,15550,15799,25285,7749,30927,422
26065,290587,141572,149015,232694,38111,275222,15365
26067,64300,34266,30034,49467,9323,62800,1500
26069,25197,12546,12651,21041,7323,24787,410
26071,11152,5543,5609,9364,3344,11020,132
26073,70688,34337,36351,58416,8606,68218,2470
26075,158636,80972,77664,124222,27279,153625,5011
26077,262745,128538,134207,205682,38355,250148,12597
26079,17585,8943,8642,13900,3476,17301,284
26081,648121,319318,328803,489908,85904,621706,26415
26083,2111,1089,1022,1799,741,2079,32
26085,11852,6053,5799,9903,3288,11436,416
26087,88038,44834,43204,69625,15489,86611,1427
26089,21652,10727,10925,18116,6502,21249,403
26091,98381,49699,48682,77525,18050,95614,2767
26093,189754,95184,94570,148558,31372,186854,2900
26095,6338,3756,2582,5292,1354,5953,385
26097,10780,5494,5286,9090,2948,10229,551
26099,870325,423761,446564,685403,144390,849555,20770
26101,24457,12695,11762,20185,6110,23639,818
26103,66686,33610,33076,54669,12289,64615,2071
26105,28954,14333,14621,23024,6681,28347,607
26107,43251,21810,21441,35194,7822,42268,983
26109,23074,11700,11374,18816,5456,22477,597
26111,83355,41012,42343,65410,14991,81701,1654
26113,15028,7648,7380,11548,3057,14727,301
26115,149727,73880,75847,117373,26204,146561,3166
26117,63413,32593,30820,49169,10823,62248,1165
26119,9265,4673,4592,7884,2907,9116,149
26121,173297,86161,87136,132981,28541,166946,6351
26123,48366,24285,24081,37429,9112,47486,880
26125,1253185,612894,640291,987162,205052,1217848,35337
26127,26416,13381,13035,20347,5382,25949,467
26129,20898,10528,10370,17032,5275,20628,270
26131,5877,3012,2865,5151,2083,5756,121
26133,23290,11804,11486,18010,4803,22915,375
26135,8248,4199,4049,6668,2227,8112,136
26137,24490,12153,12337,19334,5076,23863,627
26139,286558,141600,144958,217278,41893,278571,7987
26141,12714,6329,6385,10658,3892,12519,195
26143,23851,11883,11968,20194,7617,23333,518
26145,191821,93128,98693,150491,35801,185642,6179
26147,159247,79166,80081,125663,29036,154759,4488
26149,60836,30353,30483,45830,10567,58890,1946
26151,41295,20509,20786,32353,8678,40689,606
26153,8048,3930,4118,6659,2132,7598,450
26155,68340,33776,34564,53741,12149,67045,1295
26157,52939,26626,26313,41979,10506,51869,1070
26159,75358,37494,37864,57628,13258,72183,3175
26161,367000,181923,185077,298124,49308,351761,15239
26163,1757299,846179,911120,1339576,264487,1713857,43442
26165,33256,16599,16657,25497,6197,32489,767
27001,15834,8047,7787,13183,5144,15519,315
27003,350253,175259,174994,266219,47405,338541,11712
27005,34011,16928,17083,25715,6876,32810,1201
27007,46403,23137,23266,34717,7216,44325,2078
27009,40129,20130,19999,29985,5527,39050,1079
27011,4996,2488,2508,3963,1281,4905,91
27013,66795,33456,33339,53585,8931,65154,1641
27015,25163,12610,12553,19701,5243,24975,188
27017,35633,18634,16999,27590,6057,34548,1085
27019,101949,50618,51331,74441,11628,99451,2498
27021,29268,14967,14301,23081,7406,28551,717
27023,11953,5912,6041,9164,2496,11855,98
27025,55315,28780,26535,42621,8265,54433,882
27027,63446,31334,32112,47938,8194,62149,1297
27029,8821,4514,4307,6630,1788,8380,441
27031,5376,2661,2715,4553,1466,5240,136
27033,11299,5650,5649,8555,2568,11143,156
27035,64217,31961,32256,50248,14133,63057,1160
27037,421453,207870,213583,317987,57425,406013,15440
27039,20669,10393,10276,15238,2981,20381,288
27041,37513,18768,18745,29449,8420,36935,578
27043,13801,6920,6881,10765,3134,13607,194
27045,20949,10542,10407,15830,4299,20749,200
27047,30463,15155,15308,23777,6699,29880,583
27049,46246,22975,23271,35886,8780,45305,941
27051,5935,3001,2934,4606,1382,5805,130
27053,1245837,616042,629795,971097,170418,1199119,46718
27055,18648,9368,9280,14609,3871,18475,173
27057,21019,10627,10392,16577,5223,20588,431
27059,39430,19973,19457,30026,6122,38622,808
27061,45141,22863,22278,35655,10216,44048,1093
27063,9954,5089,4865,7805,2152,9785,169
27065,16089,8136,7953,12625,3251,15672,417
27067,42841,21565,21276,32394,7854,42077,764
27069,4311,2169,2142,3383,1032,4269,42
27071,12515,6238,6277,10225,3054,12335,180
27073,6719,3368,3351,5415,1791,6654,65
27075,10560,5424,5136,8706,2718,10436,124
27077,3771,2009,1762,2972,886,3563,208
27079,28242,14153,14089,21450,4829,27846,396
27081,5677,2860,2817,4357,1398,5612,65
27083,25758,12830,12928,19202,3986,25300,458
27085,35832,17955,17877,27526,6545,35341,491
27087,5501,2788,2713,3762,964,4837,664
27089,9372,4735,4637,7235,1972,9246,126
27091,19852,9952,9900,15523,4555,19569,283
27093,23105,11800,11305,17481,4486,22805,300
27095,25865,13001,12864,19634,4671,25050,815
27097,33064,16679,16385,25323,6267,32594,470
27099,39807,20058,19749,29862,7306,38964,843
27101,8296,4149,4147,6515,2103,8217,79
27103,33954,17018,16936,26485,5317,33079,875
27105,21734,11256,10478,15829,3488,21168,566
27107,6520,3320,3200,4983,1396,6360,160
27109,154809,75648,79161,116680,23348,150405,4404
27111,58195,29326,28869,45560,13579,57319,876
27113,14183,7055,7128,10870,2545,13913,270
27115,29223,15601,13622,23413,5874,28387,836
27117,9191,4484,4707,6846,1903,8920,271
27119,31521,16038,15483,23911,5674,30828,693
27121,11048,5587,5461,8729,2619,10894,154
27123,544442,265450,278992,417404,76738,520831,23611
27125,4015,2041,1974,3030,802,3926,89
27127,15261,7706,7555,11554,3218,14998,263
27129,14652,7456,7196,11278,3002,14449,203
27131,66185,33765,32420,51666,10026,64582,1603
27133,9402,4601,4801,7007,1866,9305,97
27135,15361,7910,7451,11609,2562,15098,263
27137,199759,100118,99641,161637,37627,193805,5954
27139,145275,72365,72910,104800,15137,141110,4165
27141,94463,48249,46214,69300,10261,92575,1888
27143,14892,7581,7311,11365,2692,14780,112
27145,158452,79704,78748,121794,23088,155169,3283
27147,36683,18200,18483,27482,6252,36281,402
27149,9789,4908,4881,7716,1649,9680,109
27151,9359,4686,4673,7246,2044,9280,79
27153,24494,12591,11903,18665,5121,24111,383
27155,3311,1644,1667,2659,822,3226,85
27157,21537,10849,10688,16908,4562,21281,256
27159,13654,6739,6915,10199,2863,13369,285
27161,18740,9005,9735,14365,3259,18415,325
27163,255938,126626,129312,192870,36910,248226,7712
27165,10972,5511,5461,8287,2189,10848,124
27167,6291,3245,3046,4863,1181,6237,54
27169,50725,25126,25599,41564,8331,49860,865
27171,134438,67939,66499,96617,16361,131869,2569
27173,9814,4984,4830,7553,1978,9613,201
28001,31266,16132,15134,24778,5716,30928,338
28003,37090,18218,18872,28436,6755,36432,658
28005,12412,6013,6399,9845,2826,12377,35
28007,18437,8718,9719,13769,3510,18095,342
28009,8232,4046,4186,6463,1430,7983,249
28011,31848,15012,16836,23932,4780,31700,148
28013,14499,6917,7582,11055,2663,14227,272
28015,10070,5082,4988,8132,2301,10003,67
28017,17193,8291,8902,12899,2894,16935,258
28019,8277,4158,4119,6462,1771,8234,43
28021,9089,4262,4827,7113,1452,9070,19
28023,15770,7373,8397,12239,3147,15678,92
28025,19640,9144,10496,15112,3507,19555,85
28027,23255,10743,12512,16900,3400,23089,166
28029,28501,13601,14900,21888,4794,28110,391
28031,18978,9253,9725,14272,3221,18870,108
28033,178975,86292,92683,132598,22631,175008,3967
28035,75224,35722,39502,57778,9996,73630,1594
28037,7733,3696,4037,5899,1489,7703,30
28039,23917,12034,11883,17576,3517,23614,303
28041,13645,8156,5489,10996,1828,13592,53
28043,21088,10047,11041,16070,3674,20948,140
28045,46961,22974,23987,37110,9264,45687,1274
28047,204502,100358,104144,155213,29585,198473,6029
28049,238797,111362,127435,180340,32557,237457,1340
28051,17737,8483,9254,13139,2576,17718,19
28053,8389,4011,4378,6140,1370,8389,0
28055,1361,841,520,1162,220,1361,0
28057,23462,11835,11627,18348,4060,23274,188
28059,142376,70281,72095,108782,22188,139023,3353
28061,16505,8035,8470,12758,3246,16416,89
28063,7225,3534,3691,5545,1110,7219,6
28065,11339,5421,5918,9055,2477,11279,60
28067,68352,33384,34968,51019,11223,67661,691
28069,9943,5059,4884,8062,1925,9938,5
28071,53590,25822,27768,43713,6505,52997,593
28073,61969,29581,32388,46408,8142,60870,1099
28075,76279,37112,39167,58232,12661,75721,558
28077,12633,6170,6463,9542,2213,12490,143
28079,22792,11746,11046,16722,3614,22689,103
28081,85072,40571,44501,63443,12372,84152,920
28083,29222,13623,15599,21086,4035,29132,90
28085,34320,16278,18042,26105,5736,34286,34
28087,59150,28141,31009,45141,9156,58358,792
28089,104562,49973,54589,78261,13407,103705,857
28091,24990,12102,12888,19234,4500,24932,58
28093,35599,17559,18040,28000,6043,35296,303
28095,35673,17002,18671,27570,6771,35478,195
28097,10068,4686,5382,7781,2088,9854,214
28099,29332,13988,15344,21228,4601,28855,477
28101,21360,10042,11318,15946,3443,21096,264
28103,10700,4993,5707,8019,1706,10642,58
28105,49512,24737,24775,40891,5462,48698,814
28107,34190,16482,17708,25619,5249,33402,788
28109,55219,27311,27908,42805,10164,54076,1143
28111,12006,5847,6159,9225,2068,11885,121
28113,39532,18741,20791,29132,6571,39263,269
28115,31618,15292,16326,23209,4641,31211,407
28117,25255,12146,13109,19537,4447,24326,929
28119,7187,3362,3825,5492,1194,7144,43
28121,152677,73629,79048,116861,22500,150746,1931
28123,28332,14052,14280,20801,4217,28133,199
28125,4404,2036,2368,3331,801,4404,0
28127,26888,12997,13891,20435,4614,26629,259
28129,16009,7824,8185,12192,3033,15943,66
28131,18276,9199,9077,14310,2933,17702,574
28133,26168,13867,12301,20185,3384,26083,85
28135,14158,7851,6307,11341,2064,14095,63
28137,28404,13676,14728,21831,4580,27662,742
28139,22018,10641,11377,16638,3449,21647,371
28141,19441,9544,9897,15211,3990,19254,187
28143,9988,4659,5329,7044,1174,9914,74
28145,28507,14012,14495,21349,4679,28031,476
28147,14477,7214,7263,11110,2766,14449,28
28149,46519,22208,24311,35338,7470,46081,438
28151,46057,21501,24556,34023,7097,45779,278
28153,20373,10074,10299,15345,3415,20212,161
28155,9768,4753,5015,7451,1751,9759,9
28157,8875,4870,4005,6977,1497,8813,62
28159,18229,8851,9378,14152,3638,18055,174
28161,12367,5982,6385,9573,2439,12275,92
28163,28565,16638,11927,22201,3639,28222,343
29001,25369,12321,13048,20641,3656,24726,643
29003,17503,8740,8763,13468,3279,17182,321
29005,5229,2597,2632,4219,1327,5206,23
29007,25644,11825,13819,19717,4442,24564,1080
29009,35530,17731,17799,27476,7183,34373,1157
29011,11797,5818,5979,8988,2372,11321,476
29013,16296,7993,8303,12440,3139,16087,209
29015,19107,9508,9599,15777,5793,18741,366
29017,12225,6068,6157,9562,2396,12071,154
29019,177651,86335,91316,141592,21080,170503,7148
29021,88460,44631,43829,68413,14014,85011,3449
29023,42656,20865,21791,32617,7902,41603,1053
29025,9039,4583,4456,6884,1749,8818,221
29027,44889,22886,22003,35375,7112,44061,828
29029,45466,22422,23044,37257,12582,44819,647
29031,78491,37976,40515,61681,12713,76442,2049
29033,8781,4334,4447,6787,1876,8637,144
29035,6147,3032,3115,4679,1207,6068,79
29037,103597,50618,52979,78383,17102,100997,2600
29039,14043,7041,7002,10653,3276,13657,386
29041,7483,3722,3761,5776,1777,7336,147
29043,85658,41886,43772,63779,13040,83579,2079
29045,6779,3435,3344,5232,1397,6706,73
29047,242516,118973,123543,183577,33537,232777,9739
29049,20500,10149,10351,15564,3583,20159,341
29051,76723,38674,38049,59479,12306,75091,1632
29053,17660,9280,8380,13828,3037,17015,645
29055,24154,11920,12234,18595,4633,23639,515
29057,7578,3846,3732,6005,1759,7419,159
29059,16617,8109,8508,12693,3407,16361,256
29061,8295,4170,4125,6164,1696,8198,97
29063,12526,7855,4671,10436,2083,12108,418
29065,15545,7771,7774,12007,3339,15088,457
29067,13306,6648,6658,10413,3181,13267,39
29069,30027,14368,15659,22342,5357,29411,616
29071,103191,51467,51724,79400,17415,101130,2061
29073,14711,7388,7323,11668,3285,14524,187
29075,6616,3199,3417,4977,1297,6553,63
29077,289756,140944,148812,229251,46663,280813,8943
29079,9992,4902,5090,7664,2172,9775,217
29081,8491,4215,4276,6408,1896,8373,118
29083,21735,10708,11027,16931,4646,21268,467
29085,9404,4623,4781,7804,3152,9257,147
29087,4432,2187,2245,3529,1105,4411,21
29089,10058,5096,4962,7842,1857,9971,87
29091,40104,19571,20533,30504,7851,39467,637
29093,10164,5004,5160,8051,2230,9926,238
29095,696216,336640,359576,531172,101918,673455,22761
29097,119920,58563,61357,89855,18208,115703,4217
29099,223951,111162,112789,171539,32490,219940,4011
29101,53682,27503,26179,42130,6581,51721,1961
29103,3947,1977,1970,3004,847,3871,76
29105,35531,17431,18100,26839,6221,34588,943
29107,32597,16270,16327,25090,6011,31934,663
29109,38204,18918,19286,28513,6818,37425,779
29111,9955,5044,4911,7720,1830,9775,180
29113,56477,28056,28421,42058,7499,55276,1201
29115,12113,5885,6228,9237,2487,11899,214
29117,15126,6740,8386,11808,3005,14802,324
29119,22782,11656,11126,17000,3480,22156,626
29121,15199,7633,7566,11592,3343,14874,325
29123,12179,5948,6231,9396,2286,12000,179
29125,8803,4447,4356,7030,1875,8725,78
29127,28608,13856,14752,21784,4973,27691,917
29129,3644,1817,1827,2756,770,3608,36
29131,25201,12466,12735,19210,4743,24887,314
29133,13574,7427,6147,10716,2388,13442,132
29135,16046,8517,7529,12094,2501,15943,103
29137,8629,4376,4253,6780,1967,8548,81
29139,11487,5724,5763,8924,2348,11226,261
29141,20271,9959,10312,15638,4736,19900,371
29143,17560,8388,9172,13457,3255,17094,466
29145,58180,28812,29368,44203,10322,56236,1944
29147,22359,11102,11257,18788,3316,22034,325
29149,10647,5268,5379,8226,2465,10445,202
29151,13615,7034,6581,10470,2339,13561,54
29153,9207,4489,4718,7379,2521,8989,218
29155,16663,7817,8846,12328,2757,16365,298
29157,19191,9499,9692,14641,3486,19070,121
29159,42355,21063,21292,31831,6943,41438,917
29161,44630,23373,21257,35220,7039,43553,1077
29163,18455,10117,8338,14413,3141,18045,410
29165,100682,49730,50952,76733,14383,97014,3668
29167,31748,15532,16216,24410,5667,31167,581
29169,52425,29924,22501,40903,4375,49296,3129
29171,4781,2403,2378,3669,1145,4632,149
29173,10234,5196,5038,8052,2141,10141,93
29175,24878,12987,11891,19427,4085,24301,577
29177,22875,11276,11599,17659,4108,22421,454
29179,6290,3290,3000,5041,1425,6128,162
29181,13567,6749,6818,10451,2792,13365,202
29183,394290,193719,200571,301339,58034,384143,10147
29185,9370,4655,4715,7542,2546,9157,213
29186,17848,9050,8798,13965,3385,17736,112
29187,66643,35826,30817,52647,10796,65628,1015
29189,996919,472970,523949,776555,176150,972439,24480
29195,22976,11569,11407,17665,4144,22301,675
29197,4555,2237,2318,3358,877,4456,99
29199,4902,2426,2476,3488,898,4871,31
29201,38633,18685,19948,29420,6885,37930,703
29203,8217,4016,4201,6414,1726,7890,327
29205,6013,3025,2988,4558,1236,5930,83
29207,29377,14277,15100,22811,5776,28952,425
29209,31615,15430,16185,26340,9591,31093,522
29211,6247,3073,3174,4854,1252,6125,122
29213,55114,26630,28484,43406,11729,53902,1212
29215,25604,13364,12240,20069,5249,25040,564
29217,20595,10066,10529,15601,3859,20104,491
29219,34453,17144,17309,26240,6070,33746,707
29221,24860,12778,12082,19189,4035,24399,461
29223,13195,6442,6753,10364,3049,12885,310
29225,38655,19784,18871,28218,5994,37944,711
29227,2027,976,1051,1617,500,1997,30
29229,18203,8910,9293,13569,3537,17919,284
29510,308174,149175,158999,248355,40476,300762,7412
30001,9415,4682,4733,7761,2010,9165,250
30003,13387,6680,6707,8846,1625,12817,570
30005,6719,3350,3369,4712,1013,6583,136
30007,5945,3035,2910,4788,1392,5783,162
30009,10597,5372,5225,8719,2648,10479,118
30011,1331,683,648,1044,301,1300,31
30013,81625,41235,40390,63280,14950,78070,3555
30015,5732,2819,2913,4376,1146,5605,127
30017,11729,5850,5879,9154,2243,11303,426
30019,1730,925,805,1336,423,1724,6
30021,9017,4759,4258,7105,1674,8873,144
30023,9106,4796,4310,7656,2075,8814,292
30025,2921,1467,1454,2194,521,2868,53
30027,11221,5742,5479,8875,2605,11100,121
30029,99899,49898,50001,77877,18683,97649,2250
30031,108063,56112,51951,86415,13215,105350,2713
30033,1036,552,484,824,239,1036,0
30035,13732,6767,6965,9396,1621,13489,243
30037,728,370,358,623,185,701,27
30039,3311,1708,1603,2686,965,3205,106
30041,16436,8307,8129,11890,2391,15745,691
30043,11917,6027,5890,9405,2448,11518,399
30045,1954,1064,890,1555,443,1900,54
30047,30013,14899,15114,22854,6423,27754,2259
30049,67805,33580,34225,53190,12193,65770,2035
30051,2351,1115,1236,1818,590,2340,11
30053,19537,9711,9826,15979,5418,19085,452
30055,1790,902,888,1369,449,1790,0
30057,8302,4294,4008,7029,2402,8062,240
30059,1888,974,914,1525,453,1867,21
30061,4251,2177,2074,3467,1193,4132,119
30063,117309,58730,58579,95044,17653,113228,4081
30065,4766,2379,2387,3820,1235,4657,109
30067,16352,8141,8211,13473,3566,15940,412
30069,453,235,218,362,101,453,0
30071,4077,2089,1988,3125,911,3857,220
30073,5994,2974,3020,4523,1198,5891,103
30075,1607,811,796,1346,440,1544,63
30077,6854,4294,2560,5824,1371,6624,230
30079,1252,643,609,967,350,1252,0
30081,42512,21114,21398,34287,10674,41510,1002
30083,11199,5709,5490,8366,1648,10791,408
30085,11175,5502,5673,7429,1240,10595,580
30087,9152,4567,4585,6537,1354,8936,216
30089,11681,5995,5686,9600,3506,11323,358
30091,3483,1747,1736,2775,807,3343,140
30093,34770,17613,17157,27753,6519,34124,646
30095,9466,4713,4753,7360,2079,9277,189
30097,3670,1840,1830,2976,1110,3580,90
30099,6086,2973,3113,4618,1380,5904,182
30101,4892,2720,2172,3961,825,4814,78
30103,668,328,340,562,192,662,6
30105,7471,3700,3771,5825,1658,7207,264
30107,2142,1032,1110,1604,432,2104,38
30109,1122,524,598,821,250,1122,0
30111,159008,78348,80660,121557,26275,153873,5135
31001,31587,15846,15741,24076,5596,30963,624
31003,6341,3186,3155,4850,1455,6317,24
31005,427,203,224,308,107,414,13
31007,722,350,372,559,155,706,16
31009,477,243,234,373,132,477,0
31011,5279,2611,2668,4051,1173,5252,27
31013,10970,5505,5465,8176,1884,10725,245
31015,1937,963,974,1543,584,1908,29
31017,3015,1462,1553,2415,814,2961,54
31019,49209,24601,24608,37660,6863,48241,968
31021,6510,3177,3333,5048,1540,6432,78
31023,8029,4003,4026,6127,1642,7909,120
31025,25888,13070,12818,19656,4396,25370,518
31027,8498,4327,4171,6342,1806,8445,53
31029,3783,1833,1950,2909,829,3770,13
31031,5779,2940,2839,4437,1195,5417,362
31033,9604,4759,4845,7348,1779,9358,246
31035,6203,3159,3044,4668,1236,6096,107
31037,10714,5936,4778,7523,1348,10496,218
31039,8952,4487,4465,6750,1944,8838,114
31041,10826,5377,5449,8275,2368,10684,142
31043,20173,10125,10048,14306,2706,19588,585
31045,8810,4266,4544,7234,1610,8685,125
31047,23733,12279,11454,17235,3696,23497,236
31049,1831,875,956,1472,430,1792,39
31051,5719,2909,2810,4292,1142,5661,58
31053,36665,18022,18643,27878,6977,36013,652
31055,560617,276459,284158,416343,70894,542746,17871
31057,1913,977,936,1455,412,1906,7
31059,5547,2748,2799,4432,1280,5482,65
31061,2987,1473,1514,2430,809,2952,35
31063,2640,1349,1291,2122,668,2595,45
31065,4747,2347,2400,3689,1162,4651,96
31067,21594,10854,10740,16711,4429,21356,238
31069,1864,942,922,1489,516,1858,6
31071,2001,1005,996,1604,571,2001,0
31073,2013,1039,974,1661,526,1987,26
31075,722,387,335,550,152,712,10
31077,2382,1172,1210,1822,602,2365,17
31079,61265,30884,30381,44464,8938,60145,1120
31081,9215,4575,4640,7031,1798,9071,144
31083,3415,1733,1682,2588,845,3357,58
31085,893,464,429,703,166,893,0
31087,2815,1400,1415,2171,712,2808,7
31089,10177,5128,5049,7697,2193,10091,86
31091,693,324,369,578,226,693,0
31093,6417,3257,3160,4864,1354,6317,100
31095,7144,3473,3671,5580,1686,7030,114
31097,5161,3071,2090,4200,939,5106,55
31099,6529,3236,3293,4893,1239,6431,98
31101,8068,4130,3938,6444,2155,8019,49
31103,760,366,394,561,183,750,10
31105,3633,1816,1817,2852,893,3485,148
31107,8426,4177,4249,6392,2061,8235,191
31109,313158,157231,155927,241484,42177,301920,11238
31111,35263,17300,17963,26909,6661,34709,554
31113,927,503,424,671,186,925,2
31115,605,313,292,512,148,605,0
31117,395,204,191,334,118,395,0
31119,35080,17447,17633,26264,5452,34621,459
31121,7798,3916,3882,6061,1617,7618,180
31123,4781,2426,2355,3648,962,4692,89
31125,3544,1779,1765,2761,723,3541,3
31127,6973,3486,3487,5507,1377,6923,50
31129,4244,2114,2130,3357,1131,4218,26
31131,15949,7817,8132,12122,3054,15484,465
31133,2649,1262,1387,2096,738,2562,87
31135,2901,1500,1401,2181,667,2886,15
31137,9100,4562,4538,6946,1821,8907,193
31139,7144,3555,3589,5354,1350,7018,126
31141,33174,16998,16176,24475,5734,32795,379
31143,5225,2546,2679,4026,1139,5155,70
31145,10768,5346,5422,8311,2155,10495,273
31147,7961,3973,3988,6260,1919,7721,240
31149,1414,736,678,1148,355,1414,0
31151,14270,7263,7007,10728,2058,13867,403
31153,181232,90695,90537,131250,20619,174903,6329
31155,21165,10692,10473,16018,3871,20908,257
31157,36074,17450,18624,27101,6749,35201,873
31159,17171,8746,8425,13166,2912,16842,329
31161,5231,2535,2696,4068,1323,4959,272
31163,3033,1531,1502,2404,811,3006,27
31165,1219,587,632,965,270,1181,38
31167,5957,2984,2973,4460,1045,5915,42
31169,5057,2542,2515,3904,1283,4964,93
31171,645,289,356,518,137,619,26
31173,7181,3566,3615,4601,857,7048,133
31175,4206,2048,2158,3268,1067,4167,39
31177,20361,10058,10303,15358,3631,20042,319
31179,9332,4742,4590,7451,1447,9141,191
31181,3537,1787,1750,2731,792,3447,90
31183,783,413,370,626,187,781,2
31185,13745,6708,7037,10583,2710,13533,212
32001,24259,12284,11975,18723,4530,23179,1080
32003,2182004,1089228,1092776,1671551,315486,2065232,116772
32005,48132,24169,23963,39961,13191,46770,1362
32007,52297,27216,25081,37965,5743,51670,627
32009,969,425,544,808,276,968,1
32011,1859,939,920,1431,335,1859,0
32013,16828,8680,8148,12267,2259,16491,337
32015,5643,3091,2552,4122,798,5545,98
32017,5180,2790,2390,4245,1134,5141,39
32019,54380,27450,26930,42614,11372,52183,2197
32021,4460,2216,2244,3633,1359,4324,136
32023,44380,22543,21837,36784,13173,42798,1582
32027,6615,4243,2372,5505,1036,6306,309
32029,3988,2108,1880,3273,1142,3621,367
32031,456936,230091,226845,357214,72890,436939,19997
32033,9679,5688,3991,7690,1600,9575,104
32510,54773,28133,26640,43554,10857,53373,1400
33001,60887,30002,30885,49488,13037,59957,930
33003,48138,23882,24256,40372,12981,47413,725
33005,76042,37138,38904,62353,14719,74405,1637
33007,31741,16723,15018,26495,7320,31067,674
33009,89777,44210,45567,75064,17964,87792,1985
33011,413035,205394,207641,327471,62902,402643,10392
33013,149917,73860,76057,120868,26316,147309,2608
33015,306359,151844,154515,246157,52770,301127,5232
33017,129124,63204,65920,104952,18838,125752,3372
33019,43104,21432,21672,34940,8948,42378,726
34001,266105,128791,137314,209020,46657,256431,9674
34003,930390,451161,479229,732136,158415,905634,24756
34005,445702,219200,226502,351833,74168,428554,17148
34007,506738,244647,262091,390880,77791,490674,16064
34009,93086,45495,47591,76695,24059,91249,1837
34011,151906,77686,74220,115733,22676,145675,6231
34013,795404,382523,412881,606038,106918,774012,21392
34015,291165,141404,149761,226759,44794,281829,9336
34017,670046,333123,336923,532464,78647,644919,25127
34019,124823,62104,62719,100018,22295,122908,1915
34021,367922,179846,188076,289218,54941,360071,7851
34023,825920,407170,418750,645442,121213,801587,24333
34025,621659,302256,319403,488518,106602,609122,12537
34027,493379,242146,251233,387834,82479,482279,11100
34029,596415,287757,308658,453916,133880,586187,10228
34031,503637,245332,258305,383156,71897,490028,13609
34033,62990,30823,32167,49345,11537,60938,2052
34035,329838,161195,168643,256548,50390,322224,7614
34037,141483,70411,71072,113045,23663,138982,2501
34039,554033,270127,283906,423700,78625,538330,15703
34041,105862,51835,54027,84684,18638,103325,2537
35001,677858,332204,345654,528299,106928,649348,28510
35003,3526,1944,1582,2986,1306,3526,0
35005,65144,32537,32607,47705,10100,63585,1559
35006,26891,13612,13279,20521,4197,26033,858
35007,12168,6256,5912,9924,3286,11655,513
35009,49732,25956,23776,36526,6091,47010,2722
35011,2040,1043,997,1343,401,1865,175
35013,216069,106056,110013,162455,33040,211997,4072
35015,57732,29137,28595,42410,8254,56892,840
35017,27669,13652,14017,22091,7347,27241,428
35019,4353,2556,1797,3522,949,4222,131
35021,441,242,199,380,172,425,16
35023,4297,2130,2167,3348,910,4242,55
35025,70277,36269,34008,49136,7770,69058,1219
35027,19461,9554,9907,15880,5475,19236,225
35028,18625,9463,9162,14379,3260,17687,938
35029,24083,12026,12057,17721,4939,23779,304
35031,72438,34986,37452,51456,8610,69746,2692
35033,4536,2201,2335,4010,1379,4506,30
35035,66137,34214,31923,50691,11248,63860,2277
35037,8326,3976,4350,6438,2021,8220,106
35039,39159,18819,20340,29948,7306,38344,815
35041,18888,9401,9487,14282,2622,17946,942
35043,142704,69943,72761,109069,24400,137089,5615
35045,126515,62677,63838,92485,18029,122664,3851
35047,27738,13825,13913,22457,5712,26827,911
35049,149293,72380,76913,121803,34538,145184,4109
35051,11031,5463,5568,9288,3921,10744,287
35053,16858,8815,8043,13015,3178,16462,396
35055,32786,16137,16649,26871,8280,32043,743
35057,15519,8251,7268,12243,3120,15297,222
35059,4133,2221,1912,3297,816,3959,174
35061,76027,38244,37783,57999,13082,73498,2529
36001,306968,148624,158344,250068,50691,294181,12787
36003,46688,23678,23010,37247,8596,46151,537
36005,1435068,676437,758631,1076664,179661,1379200,55868
36007,193188,95077,98111,155560,36107,186896,6292
36009,77121,38322,38799,59937,14427,75540,1581
36011,77425,39757,37668,62031,14212,75515,1910
36013,128496,63355,65141,102176,25157,125911,2585
36015,84895,42056,42839,66568,15614,82097,2798
36017,47909,24003,23906,37958,9677,47106,803
36019,80583,41257,39326,66055,13218,79460,1123
36021,60371,30178,30193,49720,13936,58713,1658
36023,47865,23443,24422,38698,7668,46944,921
36025,44995,22703,22292,37309,10788,44163,832
36027,293754,146061,147693,237558,50176,283440,10314
36029,919355,444825,474530,731783,161744,897216,22139
36031,37459,19504,17955,31305,8525,36691,768
36033,50477,27483,22994,40417,8365,49646,831
36035,53646,26800,26846,42710,10211,52836,810
36037,57808,28941,28867,46051,10593,56272,1536
36039,47424,24796,22628,39515,10262,46529,895
36041,4515,2264,2251,3890,1366,4453,62
36043,62057,30721,31336,49187,12483,61079,978
36045,112842,59266,53576,85560,14923,108501,4341
36047,2589974,1227099,1362875,1995328,352294,2508188,81786
36049,26572,13307,13265,20445,4755,26322,250
36051,63591,31998,31593,52201,10929,62526,1065
36053,71205,35171,36034,57390,12550,69993,1212
36055,743341,358722,384619,587409,125344,721735,21606
36057,49302,24255,25047,37996,9020,47915,1387
36059,1356509,660093,696416,1062767,236983,1315403,41106
36061,1631993,772614,859379,1397057,264356,1557325,74668
36063,210820,102775,108045,168296,39217,204822,5998
36065,229959,114666,115293,181034,42275,223169,6790
36067,462872,223287,239585,363789,76833,446001,16871
36069,109511,53619,55892,87192,21207,107647,1864
36071,380085,190453,189632,282793,51951,366608,13477
36073,40904,20443,20461,32850,7098,39911,993
36075,118339,59267,59072,93217,18668,116161,2178
36077,59972,28923,31049,50269,12333,58681,1291
36079,98787,49221,49566,78919,16504,96731,2056
36081,2287388,1109772,1177616,1825065,350514,2204624,82764
36083,159185,78848,80337,128104,26307,153468,5717
36085,474893,230060,244833,370655,75442,464031,10862
36087,324422,159114,165308,233530,50411,315728,8694
36089,108913,55356,53557,86740,18398,106854,2059
36091,228502,113004,115498,182013,40191,224225,4277
36093,154859,75505,79354,121385,26055,147470,7389
36095,31222,15500,15722,25679,6553,30795,427
36097,17920,8965,8955,14470,3727,17653,267
36099,34390,17957,16433,27511,6413,33847,543
36101,96422,48131,48291,75516,18251,94957,1465
36103,1483832,730427,753405,1165619,244871,1450003,33829
36105,75116,38485,36631,59174,13928,71683,3433
36107,48686,24144,24542,38415,9604,47939,747
36109,102642,50677,51965,87374,14295,98129,4513
36111,178665,88488,90177,146740,34254,171189,7476
36113,64276,31642,32634,52468,13887,63319,957
36115,61616,31902,29714,49880,11620,60747,869
36117,90519,44902,45617,71029,16631,88604,1915
36119,968890,469169,499721,753789,162211,938922,29968
36121,40305,21537,18768,32289,6996,39490,815
36123,25011,11952,13059,19456,5030,24707,304
37001,163324,77542,85782,126786,27165,159407,3917
37003,37213,18940,18273,29645,7248,36704,509
37005,11008,5404,5604,9090,2917,10950,58
37007,24902,13056,11846,20071,4461,24535,367
37009,26863,13207,13656,22007,6634,26456,407
37011,17506,9616,7890,14926,3803,17334,172
37013,47168,22529,24639,37560,11013,46332,836
37015,19380,9689,9691,15986,4244,19209,171
37017,33407,16030,17377,26416,7028,33088,319
37019,131815,63419,68396,111188,40223,128610,3205
37021,256886,123240,133646,208730,49925,251856,5030
37023,89968,44804,45164,72924,17703,88341,1627
37025,206615,100729,105886,153305,26889,201095,5520
37027,81884,40432,41452,65194,15832,80243,1641
37029,10551,5587,4964,8158,1847,10420,131
37031,69070,33874,35196,56799,16743,67176,1894
37033,22684,11395,11289,18415,4695,22392,292
37035,157613,77099,80514,122363,27535,154068,3545
37037,71338,34010,37328,56749,17129,69176,2162
37039,27969,13716,14253,23224,8097,27355,614
37041,14097,6575,7522,11185,3415,13968,129
37043,10946,5213,5733,9030,3298,10898,48
37045,97282,47012,50270,75870,17692,96045,1237
37047,56068,27857,28211,44107,10936,55169,899
37049,102491,51769,50722,80154,19177,100170,2321
37051,332861,165585,167276,250553,38522,313079,19782
37053,26363,13103,13260,20526,4177,25739,624
37055,36222,18110,18112,29241,7499,35560,662
37057,165381,80791,84590,128727,29483,162377,3004
37059,42257,20485,21772,33242,8555,41032,1225
37061,58967,28715,30252,44648,10580,57824,1143
37063,311848,149039,162809,246027,39266,302307,9541
37065,52648,24421,28227,40636,9985,51841,807
37067,375195,177935,197260,288157,58469,365976,9219
37069,66362,32942,33420,51646,10908,64507,1855
37071,219271,105755,113516,169463,34717,213654,5617
37073,11548,5641,5907,9187,2283,11345,203
37075,8509,4136,4373,6760,1971,8423,86
37077,59328,30241,29087,47027,9858,56728,2600
37079,21033,11674,9359,16720,3316,20359,674
37081,527868,249974,277894,409724,78210,513425,14443
37083,51190,24757,26433,40179,10301,50189,1001
37085,132283,65571,66712,97382,16089,127408,4875
37087,61053,29481,31572,49904,14865,60145,908
37089,114913,55243,59670,92852,29232,113041,1872
37091,24012,11901,12111,19449,4653,23416,596
37093,53957,26783,27174,39046,5193,51337,2620
37095,5213,2745,2468,4122,1012,5161,52
37097,175538,86425,89113,134877,27300,171671,3867
37099,42938,20985,21953,35728,8270,41423,1515
37101,196870,96841,100029,146366,25598,191606,5264
37103,9594,4750,4844,7781,2191,9427,167
37105,60481,29309,31172,45730,9745,59535,946
37107,56756,27219,29537,43975,11084,54605,2151
37109,82919,41244,41675,65155,14101,81113,1806
37111,45227,22752,22475,35969,8991,44611,616
37113,34813,16864,17949,28419,9869,34593,220
37115,21499,10526,10973,17575,4683,21163,336
37117,22849,10777,12072,18161,5097,22592,257
37119,1074475,516517,557958,818217,117292,1044616,29859
37121,15004,7476,7528,12194,3658,14641,363
37123,27252,13345,13907,21150,5376,26611,641
37125,97294,46871,50423,76527,23178,95549,1745
37127,94030,45074,48956,73148,16727,91256,2774
37129,227938,108794,119144,185263,39260,222846,5092
37131,19946,9699,10247,16409,5000,19473,473
37133,195069,107985,87084,147439,17455,181462,13607
37135,144836,69204,75632,116319,19403,140940,3896
37137,12701,6464,6237,10772,3700,12283,418
37139,39514,19268,20246,30703,6518,38253,1261
37141,60399,29972,30427,46925,10712,58717,1682
37143,13430,6533,6897,10892,3637,13294,136
37145,39345,19087,20258,31010,7457,38224,1121
37147,178433,83978,94455,140020,22859,173767,4666
37149,20557,9719,10838,17183,6203,20384,173
37151,143118,70546,72572,110427,24842,140006,3112
37153,44997,22048,22949,34740,7847,44138,859
37155,132596,63995,68601,99191,19512,129827,2769
37157,91077,43801,47276,72421,18113,88905,2172
37159,140296,69468,70828,108856,24122,136898,3398
37161,66599,32365,34234,52805,14083,65291,1308
37163,63385,31127,32258,47829,11045,61679,1706
37165,35076,17293,17783,27030,6109,34258,818
37167,61588,30696,30892,48199,11535,60455,1133
37169,45781,22256,23525,36967,9299,45149,632
37171,71971,34908,37063,56577,14476,71009,962
37173,14260,6966,7294,10974,2704,13666,594
37175,33775,16252,17523,28369,10112,33316,459
37177,4095,2356,1739,3525,819,4013,82
37179,231053,113824,117229,168085,28502,225757,5296
37181,44479,20751,23728,33865,7950,43408,1071
37183,1069079,519794,549285,810604,120379,1037542,31537
37185,19898,9884,10014,16254,4888,19440,458
37187,11922,5591,6331,9504,2814,11394,528
37189,54925,27313,27612,47773,8507,54132,793
37191,123603,60358,63245,94191,19768,119689,3914
37193,68469,33733,34736,54375,14368,67243,1226
37195,81435,38537,42898,62603,14229,79407,2028
37197,37602,18625,18977,29632,7343,36946,656
37199,17760,8701,9059,14459,4490,17507,253
38001,2311,1106,1205,1798,563,2302,9
38003,10706,5325,5381,8682,2342,10600,106
38005,6873,3522,3351,4485,914,6619,254
38007,922,516,406,725,197,911,11
38009,6502,3393,3109,5122,1490,6398,104
38011,3148,1561,1587,2378,647,3107,41
38013,2182,1187,995,1587,369,2146,36
38015,94793,47528,47265,72819,14807,93051,1742
38017,176975,89658,87317,137360,20551,171849,5126
38019,3803,1948,1855,2990,1030,3734,69
38021,4938,2473,2465,3782,1008,4908,30
38023,2335,1111,1224,1874,620,2303,32
38025,4395,2301,2094,3342,732,4326,69
38027,2301,1110,1191,1806,573,2219,82
38029,3310,1684,1626,2678,975,3226,84
38031,3260,1599,1661,2563,734,3197,63
38033,1845,909,936,1435,382,1757,88
38035,70224,36394,33830,55640,8630,68497,1727
38037,2353,1204,1149,1866,684,2320,33
38039,2409,1219,1190,1899,715,2359,50
38041,2547,1206,1341,2029,619,2468,79
38043,2466,1320,1146,1938,525,2458,8
38045,4125,2132,1993,3254,1057,4066,59
38047,1872,974,898,1492,524,1841,31
38049,5878,3004,2874,4481,1186,5822,56
38051,2597,1311,1286,2146,811,2580,17
38053,13334,7266,6068,9122,1157,12999,335
38055,9584,4964,4620,7519,2194,9462,122
38057,8462,4326,4136,6551,1550,8436,26
38059,30868,15564,15304,24156,4935,30208,660
38061,10321,5558,4763,7532,1167,10051,270
38063,2894,1465,1429,2363,790,2865,29
38065,1842,944,898,1357,432,1732,110
38067,6947,3631,3316,5510,1563,6810,137
38069,4126,2043,2083,3246,982,4066,60
38071,11583,5908,5675,8891,2222,11176,407
38073,5314,2633,2681,4214,1137,5223,91
38075,2442,1238,1204,1836,425,2392,50
38077,16254,8507,7747,12767,2805,15807,447
38079,14511,7188,7323,9606,1638,14149,362
38081,3872,2059,1813,3108,858,3792,80
38083,1409,718,691,1178,418,1403,6
38085,4373,2180,2193,2801,343,4271,102
38087,742,362,380,594,197,733,9
38089,31081,15927,15154,23040,4039,30224,857
38091,1744,918,826,1402,406,1727,17
38093,20965,10714,10251,16769,3962,20399,566
38095,2224,1205,1019,1727,502,2167,57
38097,8008,4085,3923,6227,1550,7862,146
38099,10751,5512,5239,8299,2248,10605,146
38101,68812,35715,33097,52534,8416,65968,2844
38103,3976,1980,1996,3125,1057,3916,60
38105,35208,19250,15958,25328,3205,33598,1610
39001,27776,13824,13952,21085,4856,27635,141
39003,103175,52045,51130,79244,17747,99576,3599
39005,53536,26144,27392,41384,9819,52689,847
39007,97830,49211,48619,76153,18132,95443,2387
39009,65917,32827,33090,56231,8281,64125,1792
39011,45729,22693,23036,34668,8186,45148,581
39013,68024,34882,33142,55129,13830,66833,1191
39015,43572,21681,21891,33558,7900,42999,573
39017,380019,186236,193783,290232,54607,369192,10827
39019,27332,13743,13589,21625,5686,27237,95
39021,38845,19360,19485,30124,7031,37887,958
39023,134726,65237,69489,104308,25635,129688,5038
39025,204275,100551,103724,156677,32161,200517,3758
39027,41957,20750,21207,32158,6951,40814,1143
39029,103190,52098,51092,82003,20467,101044,2146
39031,36585,18120,18465,27962,6948,36074,511
39033,41821,20562,21259,32679,8536,41217,604
39035,1247451,594606,652845,986297,221367,1208668,38783
39037,51513,25458,26055,39209,9861,51039,474
39039,38160,19028,19132,29366,6945,36896,1264
39041,201135,99700,101435,147438,26487,195910,5225
39043,74780,36673,38107,59482,15930,72451,2329
39045,154457,76903,77554,117231,23759,149790,4667
39047,28620,13972,14648,21851,4959,27994,626
39049,1290360,629722,660638,988680,151411,1240703,49657
39051,42253,20888,21365,32215,7297,41237,1016
39053,30088,14826,15262,23167,5566,29446,642
39055,93843,46444,47399,72110,18581,92866,977
39057,166502,81988,84514,132135,27917,160626,5876
39059,39111,19534,19577,30429,7453,38174,937
39061,813589,392738,420851,625690,122451,786926,26663
39063,75837,37499,38338,58900,12623,73867,1970
39065,31425,15568,15857,24147,4898,30808,617
39067,15211,7489,7722,12014,3186,15036,175
39069,27208,13387,13821,20812,4900,26599,609
39071,43016,21048,21968,32708,7723,42183,833
39073,28390,13914,14476,22118,5261,27875,515
39075,43901,21904,21997,29963,5859,43440,461
39077,58339,28847,29492,44148,9746,57237,1102
39079,32450,15723,16727,24621,5444,31692,758
39081,66371,32276,34095,53539,13950,64780,1591
39083,61481,29878,31603,47450,10906,60412,1069
39085,229954,112407,117547,183390,44784,224620,5334
39087,60184,29384,30800,46962,11076,59142,1042
39089,173750,85151,88599,133301,27997,168713,5037
39091,45316,22395,22921,34716,7953,44292,1024
39093,307670,151471,156199,239317,54669,296501,11169
39095,431102,208922,222180,331608,68235,411473,19629
39097,44135,23954,20181,35062,6714,42847,1288
39099,229961,112279,117682,183567,46942,222621,7340
39101,65299,34643,30656,51552,11266,63227,2072
39103,177980,88299,89681,137718,30807,175327,2653
39105,23078,11549,11529,18096,4449,22727,351
39107,40884,20670,20214,30361,7074,40592,292
39109,105371,52106,53265,80975,19352,102570,2801
39111,13942,6931,7011,11023,3243,13813,129
39113,531670,255887,275783,413674,93724,512977,18693
39115,14640,7320,7320,11547,3037,14303,337
39117,35043,17570,17473,26908,5809,34320,723
39119,86131,41716,44415,66413,15037,82846,3285
39121,14416,8631,5785,11750,3845,14295,121
39123,40632,20162,20470,33008,9926,40072,560
39125,18809,9413,9396,14351,3414,18415,394
39127,36022,18001,18021,27492,5846,35381,641
39129,57762,30389,27373,45246,8951,56677,1085
39131,28000,13818,14182,21499,4915,27402,598
39133,162511,79755,82756,131817,25831,158112,4399
39135,41093,20388,20705,31816,7693,40331,762
39137,33911,16944,16967,25255,5722,33473,438
39139,121100,61468,59632,94838,23231,117481,3619
39141,76948,40332,36616,60407,12389,74391,2557
39143,59029,29301,29728,45635,10897,57364,1665
39145,76040,37322,38718,59450,13526,74594,1446
39147,55351,27623,27728,43163,9675,54390,961
39149,48749,24594,24155,36493,7799,47944,805
39151,372404,181002,191402,291983,70739,360891,11513
39153,541334,262595,278739,427089,94602,525443,15891
39155,200367,97661,102706,159039,42123,195419,4948
39157,92335,45476,46859,71235,17754,90509,1826
39159,56707,27323,29384,42718,6799,55877,830
39161,28261,13936,14325,21641,5230,27893,368
39163,13083,6597,6486,10124,2226,12780,303
39165,229132,115491,113641,171943,32035,224896,4236
39167,60426,29883,30543,48538,12376,59500,926
39169,116099,57717,58382,87784,20111,114019,2080
39171,36816,18267,18549,28457,6799,36118,698
39173,130150,64210,65940,103559,19289,126875,3275
39175,22000,10835,11165,16927,4130,21745,255
40001,22220,11053,11167,16220,3388,19984,2236
40003,5847,3531,2316,4724,1121,5458,389
40005,13823,7289,6534,10720,2588,12169,1654
40007,5377,2703,2674,3970,1006,5252,125
40009,22268,12115,10153,16704,3010,21343,925
40011,9556,5091,4465,7591,1730,9024,532
40013,46457,22558,23899,35541,8204,43226,3231
40015,29242,15363,13879,21877,4768,26993,2249
40017,140455,69761,70694,103721,18125,131755,8700
40019,48319,23642,24677,36160,7929,44144,4175
40021,48664,23831,24833,37825,7938,43319,5345
40023,14807,7094,7713,11212,3005,13433,1374
40025,2174,1065,1109,1617,529,2169,5
40027,279274,139416,139858,218673,36272,259083,20191
40029,5581,2813,2768,4207,1149,4598,983
40031,121762,63105,58657,92882,14910,109762,12000
40033,5858,2962,2896,4521,1138,5467,391
40035,14390,7352,7038,11216,2819,13256,1134
40037,71427,35298,36129,54365,12430,67149,4278
40039,29152,14290,14862,21788,3913,26877,2275
40041,42433,20908,21525,33743,10348,38344,4089
40043,4922,2435,2487,3571,916,4638,284
40045,4015,1930,2085,3084,904,3861,154
40047,61898,30940,30958,46324,9861,58525,3373
40049,27835,13796,14039,20841,4931,25564,2271
40051,55071,27629,27442,41773,8746,51908,3163
40053,4397,2212,2185,3323,928,4196,201
40055,5861,3431,2430,4670,1025,5422,439
40057,2710,1327,1383,2054,508,2516,194
40059,3760,1856,1904,2785,704,3692,68
40061,12687,6285,6402,9628,2515,10735,1952
40063,13372,7120,6252,10419,2515,12671,701
40065,25063,12558,12505,18700,3717,23304,1759
40067,6158,3102,3056,4658,1235,5861,297
40069,11064,5452,5612,8447,2115,9087,1977
40071,44402,22077,22325,33310,8370,41110,3292
40073,15694,7865,7829,11453,2445,15151,543
40075,8886,4440,4446,6779,1729,8286,600
40077,10348,5260,5088,8110,2187,9293,1055
40079,50026,25079,24947,37850,8772,45664,4362
40081,34895,17381,17514,26418,6255,33092,1803
40083,46683,23132,23551,35809,7032,44563,2120
40085,10063,5024,5039,7577,1946,9532,531
40087,39247,19461,19786,29170,5969,36828,2419
40089,33016,16326,16690,24610,5842,29342,3674
40091,19725,9749,9976,15751,4965,17551,2174
40093,7692,3804,3888,5714,1517,7440,252
40095,16505,8173,8332,12652,3673,14971,1534
40097,41044,20458,20586,31360,7464,35388,5656
40099,13946,7021,6925,10691,2674,12524,1422
40101,68736,33515,35221,51910,11297,62070,6666
40103,11335,5601,5734,8569,2135,10385,950
40105,10322,5091,5231,7948,1978,8998,1324
40107,12067,6487,5580,9286,2115,10393,1674
40109,787216,385353,401863,585760,105127,735724,51492
40111,38749,19163,19586,29529,7051,34132,4617
40113,47226,23662,23564,36783,9104,42628,4598
40115,31454,15456,15998,23605,5662,28416,3038
40117,16412,8225,8187,12509,3093,15037,1375
40119,81815,41976,39839,66162,10062,76718,5097
40121,44146,22433,21713,34332,8607,36638,7508
40123,38355,18832,19523,29356,6272,32976,5379
40125,72154,34523,37631,54902,11548,68802,3352
40127,11128,5436,5692,8659,2513,9932,1196
40129,3667,1800,1867,2730,740,3538,129
40131,91353,45473,45880,69644,14557,83076,8277
40133,24832,12172,12660,18615,4393,23402,1430
40135,41709,20574,21135,31823,7535,36835,4874
40137,43647,21168,22479,33480,8366,41351,2296
40139,20805,11095,9710,14829,2280,19929,876
40141,7413,3782,3631,5656,1454,6845,568
40143,646419,315509,330910,482773,90495,595446,50973
40145,78958,39025,39933,59612,12652,71725,7233
40147,51886,25270,26616,39540,9989,48648,3238
40149,11225,5622,5603,8405,1974,10669,556
40151,9043,4767,4276,7184,1507,8586,457
40153,20727,10955,9772,15497,3108,19836,891
41001,16019,8257,7762,12885,4151,15669,350
41003,91107,45794,45313,76193,14145,87206,3901
41005,410463,202194,208269,321443,72125,393578,16885
41007,39102,19457,19645,31642,8387,37310,1792
41009,51375,25820,25555,40373,9394,49265,2110
41011,63686,31494,32192,51899,16223,60024,3662
41013,23011,11347,11664,18452,5713,22324,687
41015,22650,11173,11477,19351,7623,21214,1436
41017,186251,91931,94320,148371,36450,180701,5550
41019,109114,53868,55246,87952,27550,104332,4782
41021,1878,897,981,1505,475,1839,39
41023,7189,3671,3518,5903,2099,7021,168
41025,7267,3736,3531,5768,1736,6807,460
41027,23209,11598,11611,17612,3609,22346,863
41029,216574,105742,110832,171765,46655,208610,7964
41031,23607,12222,11385,18049,4546,22670,937
41033,86251,42293,43958,69356,22145,83158,3093
41035,66921,33404,33517,52397,13849,63887,3034
41037,7837,4194,3643,6360,1929,7554,283
41039,373340,183845,189495,303907,70183,353281,20059
41041,48547,23393,25154,40337,13534,46322,2225
41043,125048,61638,63410,96638,22895,119319,5729
41045,30412,16551,13861,22696,5001,29494,918
41047,339641,169275,170366,255397,52093,317256,22385
41049,11303,5720,5583,8190,1764,10955,348
41051,804606,398513,406093,651525,104899,761260,43346
41053,83037,40552,42485,64102,14569,79947,3090
41055,1642,882,760,1365,428,1556,86
41057,26389,13237,13152,21356,6560,25473,916
41059,77129,40155,36974,57511,11820,74027,3102
41061,26337,13083,13254,20537,5283,25568,769
41063,7004,3444,3560,5721,1978,6828,176
41065,26130,13122,13008,20262,5273,25292,838
41067,589481,291701,297780,452589,76361,557497,31984
41069,1415,713,702,1175,506,1362,53
41071,104831,52422,52409,81276,17604,100499,4332
42001,102470,50461,52009,81666,20304,100107,2363
42003,1221744,590342,631402,992084,226124,1186439,35305
42005,65867,32761,33106,53188,14236,65134,733
42007,165833,80460,85373,133620,34713,161225,4608
42009,48337,23972,24365,38838,10751,47853,484
42011,418025,205638,212387,323987,70728,398963,19062
42013,123157,60259,62898,98025,24996,121023,2134
42015,60963,30071,30892,47532,12671,60155,808
42017,626806,307660,319146,497637,113718,614009,12797
42019,186899,92531,94368,149097,34025,183757,3142
42021,133009,65461,67548,107313,29240,130188,2821
42023,4611,2281,2330,3844,1235,4503,108
42025,63887,31777,32110,51497,13196,63352,535
42027,161960,85202,76758,137614,22306,159026,2934
42029,519560,255927,263633,400470,82614,507614,11946
42031,38715,18881,19834,31410,7413,38181,534
42033,79908,42011,37897,65031,16097,78762,1146
42035,38915,19261,19654,31039,7121,38662,253
42037,65715,31564,34151,54109,12443,64985,730
42039,85665,41716,43949,67728,17140,83968,1697
42041,249328,123397,125931,198771,45230,242618,6710
42043,275632,133579,142053,213563,45549,267052,8580
42045,564554,271636,292918,439657,90402,549906,14648
42047,30340,15319,15021,24453,6517,30175,165
42049,273835,135238,138597,214920,47517,265114,8721
42051,131302,64835,66467,105957,27082,128162,3140
42053,7313,5318,1995,6528,1603,7120,193
42055,154147,75710,78437,119528,29673,150927,3220
42057,14506,7322,7184,11588,3040,14345,161
42059,36870,19169,17701,29760,6823,36075,795
42061,45369,24111,21258,37097,9299,44618,751
42063,85032,42572,42460,69726,15959,83642,1390
42065,43846,21839,22007,34530,9013,43385,461
42067,24624,12304,12320,19051,4896,24459,165
42069,210652,102161,108491,167666,41322,205877,4775
42071,540999,264955,276044,412824,94915,527569,13430
42073,86727,41947,44780,69438,18660,84626,2101
42075,139729,68479,71250,107697,26742,136774,2955
42077,365052,178570,186482,282266,60102,352365,12687
42079,317663,157010,160653,255108,62285,311205,6458
42081,114330,56067,58263,90869,21753,112325,2005
42083,41401,21416,19985,33199,7883,40785,616
42085,111518,54961,56557,89645,23624,109361,2157
42087,46276,22589,23687,35886,9787,45593,683
42089,168032,83112,84920,134697,28274,162758,5274
42091,823823,400410,423413,645167,143138,802350,21473
42093,18259,8720,9539,14562,3768,18130,129
42095,302809,148943,153866,242084,56396,292322,10487
42097,91761,46173,45588,73738,19142,90521,1240
42099,46053,23346,22707,36111,8293,45509,544
42101,1579075,747479,831596,1233514,212274,1530726,48349
42103,55453,28148,27305,45421,12152,54123,1330
42105,16806,8389,8417,13308,3953,16553,253
42107,142674,72953,69721,114466,28561,140671,2003
42109,40483,20143,20340,32008,7419,39973,510
42111,74361,38821,35540,60746,16178,73288,1073
42113,6135,3243,2892,5415,1696,6095,40
42115,40970,20601,20369,33263,9383,40536,434
42117,40944,20319,20625,32788,8786,40384,560
42119,45111,24755,20356,37047,7996,44109,1002
42121,51818,25583,26235,41651,11213,50845,973
42123,39756,19901,19855,32016,8882,39334,422
42125,207212,101740,105472,166642,41708,203042,4170
42127,51422,27286,24136,42816,12078,50446,976
42129,352590,172407,180183,287443,78061,346449,6141
42131,27327,13779,13548,21972,5598,26958,369
42133,445565,220122,225443,346808,76024,434550,11015
44001,48764,23599,25165,39460,9455,47908,856
44003,163869,79292,84577,132809,30180,160118,3751
44005,82801,40728,42073,68669,17943,80754,2047
44007,635737,309399,326338,504118,95189,609644,26093
44009,126060,60774,65286,104831,25122,123586,2474
45001,24627,11941,12686,19550,5202,24156,471
45003,168301,81237,87064,131635,31540,164190,4111
45005,9024,4828,4196,7330,1777,8977,47
45007,198064,95539,102525,152573,35149,193536,4528
45009,14376,6950,7426,11485,3026,14303,73
45011,21346,10337,11009,16195,3786,21161,185
45013,186095,91501,94594,150750,49217,181869,4226
45015,215044,106983,108061,163482,28877,207542,7502
45017,14663,7003,7660,11815,3230,14575,88
45019,401165,194314,206851,321701,63833,392888,8277
45021,56895,27531,29364,43673,9262,55510,1385
45023,32311,15703,16608,25041,5874,31726,585
45025,45953,22590,23363,35753,8245,44687,1266
45027,33957,16739,17218,27330,7735,33507,450
45029,37585,17952,19633,29158,7432,37262,323
45031,67027,31723,35304,51996,12328,65935,1092
45033,30689,14513,16176,22881,4886,30052,637
45035,158299,77077,81222,119061,21364,153169,5130
45037,26927,14358,12569,21992,4950,26436,491
45039,22565,10780,11785,18211,4624,22146,419
45041,138475,64765,73710,105501,22637,136539,1936
45043,61952,29301,32651,50385,16714,61060,892
45045,507003,246053,260950,389402,77989,494037,12966
45047,70411,32719,37692,54241,12759,69048,1363
45049,19564,10152,9412,15334,3512,19338,226
45051,332172,160275,171897,271267,76932,326644,5528
45053,28657,14375,14282,22660,5212,28064,593
45055,65112,31563,33549,49808,11704,63131,1981
45057,92308,44504,47804,72241,18855,90002,2306
45059,66846,32545,34301,52143,11993,64932,1914
45061,17365,8865,8500,13964,3140,17149,216
45063,290278,141364,148914,222622,44761,283203,7075
45065,9531,5284,4247,8368,3183,9269,262
45067,31308,14448,16860,24096,5945,30999,309
45069,26753,13940,12813,21241,4652,25661,1092
45071,38194,18529,19665,29858,7345,37856,338
45073,77528,38138,39390,61878,17658,75400,2128
45075,87687,41012,46675,68267,16643,85847,1840
45077,124029,61734,62295,100418,19998,121983,2046
45079,411357,199147,212210,322799,50741,398927,12430
45081,20303,10141,10162,15864,3899,20050,253
45083,307617,149276,158341,236059,48999,300731,6886
45085,106757,51432,55325,80912,16948,103367,3390
45087,27490,13099,14391,21591,5394,26547,943
45089,31324,14942,16382,24696,6267,31033,291
45091,265872,128270,137602,201077,37341,260432,5440
46003,2763,1461,1302,2025,523,2723,40
46005,18346,9313,9033,13392,3124,18166,180
46007,3425,1686,1739,2199,398,3242,183
46009,6929,4064,2865,5591,1423,6802,127
46011,34601,17697,16904,27543,4051,34102,499
46013,38915,19166,19749,29773,6646,38325,590
46015,5258,2603,2655,3931,930,5159,99
46017,2026,1008,1018,1259,146,2005,21
46019,10225,5213,5012,7700,2035,10044,181
46021,1485,805,680,1174,372,1477,8
46023,9349,4705,4644,6568,1705,8878,471
46025,3685,1854,1831,2727,779,3601,84
46027,13957,6833,7124,11599,1654,13630,327
46029,28026,14135,13891,21347,4748,27500,526
46031,4150,2097,2053,2638,453,4087,63
46033,8719,4233,4486,7331,2527,8551,168
46035,19871,9841,10030,15456,3578,19471,400
46037,5486,2843,2643,4258,1405,5376,110
46039,4318,2250,2068,3291,919,4297,21
46041,5833,2893,2940,3676,560,5792,41
46043,2929,1435,1494,2208,688,2845,84
46045,3909,1969,1940,2940,756,3891,18
46047,6747,3398,3349,5589,1862,6471,276
46049,2312,1168,1144,1797,617,2300,12
46051,7149,3750,3399,5576,1467,7064,85
46053,4186,2149,2037,3202,1024,4063,123
46055,2018,1016,1002,1468,423,1965,53
46057,6025,3073,2952,4126,950,5933,92
46059,3256,1643,1613,2554,791,3217,39
46061,3399,1702,1697,2339,507,3383,16
46063,1306,681,625,1006,229,1288,18
46065,17608,8611,8997,13506,2960,17124,484
46067,7308,3559,3749,5492,1689,7186,122
46069,1319,685,634,1066,345,1286,33
46071,3290,1631,1659,2251,470,3215,75
46073,2018,1001,1017,1594,598,2008,10
46075,793,374,419,649,183,793,0
46077,4944,2533,2411,3841,1122,4915,29
46079,12717,6661,6056,10102,2673,12415,302
46081,25478,12659,12819,20973,5370,24889,589
46083,56826,28154,28672,40783,6927,55591,1235
46085,3848,2004,1844,2716,599,3800,48
46087,5548,2776,2772,4029,1040,5470,78
46089,2297,1090,1207,1805,677,2287,10
46091,4891,2549,2342,3597,1015,4818,73
46093,27717,14409,13308,21284,4184,26970,747
46095,2052,1020,1032,1400,310,2007,45
46097,2211,1125,1086,1660,438,2172,39
46099,188674,95110,93564,140957,24024,183032,5642
46101,6507,3271,3236,4838,1236,6162,345
46102,14335,7024,7311,9010,975,14146,189
46103,110685,55795,54890,84919,19205,105092,5593
46105,2897,1504,1393,2274,695,2865,32
46107,2315,1173,1142,1816,644,2233,82
46109,10287,5267,5020,7493,1996,10058,229
46111,2379,1235,1144,1807,473,2356,23
46115,6483,3238,3245,4909,1326,6415,68
46117,3017,1619,1398,2329,652,2945,72
46119,1305,669,636,1009,320,1271,34
46121,10195,4957,5238,5934,757,10012,183
46123,5458,2768,2690,4201,1214,5063,395
46125,8300,4148,4152,6309,1706,8210,90
46127,15368,7718,7650,11645,2674,15067,301
46129,5457,2714,2743,4199,1307,5277,180
46135,22717,11836,10881,17905,4178,22228,489
46137,2791,1375,1416,1945,262,2775,16
47001,76061,37152,38909,59971,14987,74042,2019
47003,48292,23834,24458,36007,7259,47212,1080
47005,16140,7937,8203,12991,3849,15899,241
47007,14836,8707,6129,12004,2656,14244,592
47009,129927,63046,66881,103394,25971,127276,2651
47011,105749,51468,54281,82395,17786,103733,2016
47013,39797,19434,20363,31574,8130,39247,550
47015,14178,6999,7179,11159,2602,13972,206
47017,27886,13613,14273,21929,5555,27325,561
47019,56433,27576,28857,45875,11952,55958,475
47021,40181,20034,20147,31273,5865,39440,741
47023,17190,8276,8914,13315,2906,16765,425
47025,31732,15406,16326,25709,6152,31287,445
47027,7654,3669,3985,6104,1817,7586,68
47029,35552,17255,18297,28242,7413,34805,747
47031,55209,27141,28068,41978,9478,54052,1157
47033,14399,6834,7565,10955,2682,14074,325
47035,59216,28973,30243,48702,17899,58501,715
47037,687488,331298,356190,542482,82207,669541,17947
47039,11686,5730,5956,9182,2739,11324,362
47041,19847,9857,9990,15515,3594,19534,313
47043,52680,25998,26682,40347,8178,51705,975
47045,37416,18137,19279,28464,6431,36364,1052
47047,40164,19813,20351,32296,8331,39799,365
47049,18213,9084,9129,14361,3832,18016,197
47051,41725,20463,21262,33249,8115,40364,1361
47053,49228,23623,25605,37347,8710,47610,1618
47055,29285,14316,14969,23172,5810,28498,787
47057,23101,11585,11516,18397,4655,22714,387
47059,68834,33654,35180,55469,14567,67612,1222
47061,13344,6599,6745,10450,2740,12023,1321
47063,64132,31457,32675,49194,11467,62561,1571
47065,360919,174207,186712,285626,62141,353325,7594
47067,6587,3305,3282,5198,1352,6557,30
47069,25443,14252,11191,20620,4552,25101,342
47071,25715,12519,13196,20400,5771,25442,273
47073,56611,27657,28954,45150,11635,55693,918
47075,17623,8238,9385,13624,3152,17444,179
47077,27977,13721,14256,21589,5019,27371,606
47079,32284,15498,16786,25589,7349,31773,511
47081,24813,13034,11779,19552,4175,24461,352
47083,8164,4154,4010,6408,1708,8073,91
47085,18435,8949,9486,14555,3556,18006,429
47087,11682,5872,5810,9571,2565,11421,261
47089,53679,26332,27347,42971,10538,52709,970
47091,17753,9593,8160,14759,3972,17518,235
47093,461104,224184,236920,363632,71194,450767,10337
47095,7401,4641,2760,6340,1144,7247,154
47097,25989,13340,12649,20013,3971,25469,520
47099,43390,21251,22139,32489,7652,42711,679
47101,12027,5823,6204,9399,2471,11872,155
47103,33924,16669,17255,26337,6402,33163,761
47105,52340,25614,26726,42044,13522,51308,1032
47107,53053,25838,27215,41805,10276,51971,1082
47109,25844,12548,13296,20164,5330,25275,569
47111,23842,11738,12104,18047,3732,23371,471
47113,97625,46221,51404,75597,16005,95638,1987
47115,28538,13878,14660,22501,5579,27570,968
47117,32965,16235,16730,25164,5183,32504,461
47119,91976,44440,47536,70429,14285,89516,2460
47121,12104,5991,6113,9623,2630,11927,177
47123,46064,22679,23385,36143,9520,45272,792
47125,200180,99949,100231,146338,18263,190666,9514
47127,6378,3217,3161,5094,1307,6317,61
47129,21545,11783,9762,17368,3757,21410,135
47131,30365,14609,15756,23705,6024,29735,630
47133,22068,10863,11205,17216,4433,21875,193
47135,7962,3941,4021,6202,1632,7811,151
47137,5079,2563,2516,4148,1365,5063,16
47139,16814,8366,8448,13478,3449,16461,353
47141,77447,38268,39179,61282,12831,75948,1499
47143,32719,16199,16520,25127,5883,32096,623
47145,53075,26124,26951,43062,11793,51884,1191
47147,70280,34747,35533,53271,10189,68696,1584
47149,315815,155575,160240,237642,32205,305474,10341
47151,21969,10857,11112,16661,3633,21703,266
47153,14816,7391,7425,11802,2961,14441,375
47155,97068,47695,49373,77173,18688,95077,1991
47157,936374,444834,491540,701193,122695,920757,15617
47159,19740,9868,9872,15159,3230,19393,347
47161,13427,6612,6815,10563,2632,12979,448
47163,157050,76345,80705,126473,33753,153544,3506
47165,183437,89689,93748,139881,28541,179351,4086
47167,61447,30265,31182,46303,8651,60159,1288
47169,10231,5987,4244,8301,1425,9841,390
47171,17811,9006,8805,14726,4128,17534,277
47173,19488,9616,9872,15243,3536,19269,219
47175,5760,2898,2862,4676,1296,5570,190
47177,40702,20242,20460,31074,6991,39599,1103
47179,127805,62285,65520,103173,22820,125151,2654
47181,16693,9172,7521,13643,3120,16610,83
47183,33510,16406,17104,27029,6037,33026,484
47185,26800,13070,13730,20829,5374,26332,468
47187,225389,110242,115147,163602,28691,220098,5291
47189,136666,67205,69461,104158,21075,134392,2274
48001,57810,35201,22609,46562,8278,56914,896
48003,18036,9174,8862,12348,1810,17420,616
48005,87322,42606,44716,64874,13847,85904,1418
48007,24462,11904,12558,19873,6711,23482,980
48009,8716,4347,4369,6822,1702,8552,164
48011,1973,982,991,1517,425,1902,71
48013,49528,24733,24795,35910,7099,47183,2345
48015,29764,14682,15082,22632,5577,28938,826
48017,7100,3611,3489,5039,985,7097,3
48019,22215,11192,11023,18406,5873,20756,1459
48021,84522,42810,41712,62956,12303,82290,2232
48023,3577,1746,1831,2831,867,3555,22
48025,32611,19915,12696,25709,3905,31476,1135
48027,348574,173837,174737,251816,36793,329666,18908
48029,1952843,964179,988664,1450476,231377,1886828,66015
48031,11478,5931,5547,9380,2874,11063,415
48033,613,293,320,434,167,598,15
48035,18296,9013,9283,14396,4504,17961,335
48037,93373,46960,46413,71225,15268,90754,2619
48039,360677,182333,178344,265058,41745,352681,7996
48041,222981,112629,110352,177136,19786,216348,6633
48043,9231,4648,4583,7462,2072,8983,248
48045,1457,804,653,1220,372,1316,141
48047,7141,3807,3334,5251,1041,7014,127
48049,37855,18681,19174,29468,7388,36972,883
48051,18058,8951,9107,14043,3689,17641,417
48053,46530,22992,23538,36579,10203,45740,790
48055,42144,21313,20831,31996,5771,41570,574
48057,21668,11082,10586,16313,3769,20802,866
48059,13856,6899,6957,10754,2848,13424,432
48061,421666,204948,216718,291932,55465,418289,3377
48063,12878,6266,6612,9481,2378,12510,368
48065,6009,2897,3112,4533,1098,5884,125
48067,30059,14496,15563,23274,6586,29336,723
48069,7673,3853,3820,5443,1164,7407,266
48071,41305,20939,20366,29721,4494,40399,906
48073,52118,26587,25531,38797,8886,51088,1030
48075,7253,4442,2811,5967,1004,7089,164
48077,10403,5214,5189,8276,2373,10237,166
48079,2887,1495,1392,2106,455,2816,71
48081,3303,1647,1656,2612,941,3276,27
48083,8334,4308,4026,6549,2059,8026,308
48085,973977,479151,494826,717859,104035,943870,30107
48087,2969,1493,1476,2225,504,2876,93
48089,21224,10590,10634,16233,4594,20817,407
48091,141642,69980,71662,109451,25397,138310,3332
48093,13529,6798,6731,10510,3247,13383,146
48095,3266,2098,1168,2770,652,3257,9
48097,40041,19871,20170,30491,7269,38909,1132
48099,75280,37556,37724,57851,7404,68587,6693
48101,1642,741,901,1129,341,1561,81
48103,4802,2458,2344,3334,654,4802,0
48105,3484,1680,1804,2638,521,3449,35
48107,5836,2899,2937,4268,1060,5746,90
48109,2214,1260,954,1576,327,2152,62
48111,7304,3718,3586,5002,784,7145,159
48113,2606868,1285388,1321480,1919530,272730,2538015,68853
48115,12813,6939,5874,9483,1878,12291,522
48117,18736,9387,9349,12870,2336,18052,684
48119,5249,2488,2761,4027,1056,5144,105
48121,833822,410114,423708,624909,82137,803635,30187
48123,20340,10574,9766,15733,3943,20093,247
48125,2203,1084,1119,1761,524,2198,5
48127,10438,5060,5378,7369,1763,10376,62
48129,3342,1700,1642,2674,776,3274,68
48131,11268,5717,5551,8368,1978,11259,9
48133,18273,9150,9123,14450,4091,18144,129
48135,160579,81516,79063,112124,15237,155777,4802
48137,1918,993,925,1634,586,1917,1
48139,173772,85705,88067,127214,21930,167235,6537
48141,836062,411665,424397,606560,99552,813852,22210
48143,41841,20347,21494,33090,5875,41065,776
48145,17272,8127,9145,13600,3095,17091,181
48147,34537,18246,16291,27219,6398,33395,1142
48149,25141,12393,12748,19984,6187,24949,192
48151,3856,1833,2023,2986,880,3671,185
48153,5803,2828,2975,4247,1081,5705,98
48155,1275,632,643,1044,345,1151,124
48157,765394,375912,389482,553725,81346,743774,21620
48159,10716,5245,5471,8126,2324,10324,392
48161,19714,10203,9511,15228,3866,19372,342
48163,19871,11883,7988,15129,2468,19507,364
48165,20706,10556,10150,13250,1820,20646,60
48167,332885,163877,169008,251621,46434,323317,9568
48169,6070,3829,2241,5108,834,5989,81
48171,26459,12798,13661,21129,7758,25651,808
48173,1510,867,643,1167,149,1510,0
48175,7565,3756,3809,5927,1664,7529,36
48177,20731,10540,10191,15125,3393,20404,327
48179,22410,11819,10591,16675,3546,21789,621
48181,131014,63944,67070,99914,22943,126418,4596
48183,123443,60105,63338,91508,18617,120076,3367
48185,27984,15171,12813,21675,4741,27195,789
48187,158966,78619,80347,118633,21670,153928,5038
48189,33826,17635,16191,24618,4482,32276,1550
48191,3048,1534,1514,2370,681,2925,123
48193,8332,4164,4168,6601,2042,8223,109
48195,5520,2817,2703,3876,851,5466,54
48197,3945,1918,2027,3125,845,3854,91
48199,56765,27374,29391,42736,9352,55990,775
48201,4646630,2309012,2337618,3400738,472148,4533677,112953
48203,66580,32338,34242,49680,10965,65231,1349
48205,5669,3346,2323,4451,852,5441,228
48207,5726,2964,2762,4674,1262,5606,120
48209,213366,106252,107114,163997,22818,208116,5250
48211,3994,2032,1962,2733,527,3899,95
48213,81070,39485,41585,63606,17818,79915,1155
48215,855176,418867,436309,573438,92728,840761,14415
48217,35689,17809,17880,27368,7332,35009,680
48219,23064,11502,11562,17034,3288,22504,560
48221,58318,28416,29902,46028,14397,57581,737
48223,36486,17904,18582,27396,6666,35754,732
48225,22954,12452,10502,18456,4893,22534,420
48227,36349,20151,16198,28313,4680,35187,1162
48229,4415,2218,2197,3332,675,4296,119
48231,94162,46261,47901,71636,14886,92231,1931
48233,21344,10772,10572,15858,3470,20445,899
48235,1620,838,782,1195,273,1606,14
48237,8852,5053,3799,6975,1510,8782,70
48239,14816,7316,7500,11043,2577,14559,257
48241,35506,17510,17996,26936,6875,35015,491
48243,2241,988,1253,1865,763,2224,17
48245,254340,130051,124289,193418,36138,250032,4308
48247,5231,2557,2674,3558,744,5194,37
48249,40972,20117,20855,29509,6113,40621,351
48251,167212,83534,83678,123646,23146,164041,3171
48253,19943,12527,7416,16461,3036,18801,1142
48255,15545,9147,6398,12308,2180,14939,606
48257,123804,60806,62998,89469,14585,120713,3091
48259,43769,21485,22284,33413,8269,41885,1884
48261,568,280,288,400,144,568,0
48263,647,295,352,488,182,644,3
48265,51843,25027,26816,41841,14024,50556,1287
48267,4373,2168,2205,3441,1267,4247,126
48269,237,117,120,167,25,237,0
48271,3659,2170,1489,3189,904,3658,1
48273,30974,15656,15318,23451,4030,30278,696
48275,3705,1845,1860,2717,679,3610,95
48277,49611,23770,25841,37786,9383,47696,1915
48279,13123,6583,6540,9457,2169,12777,346
48281,20862,10426,10436,16230,3914,20077,785
48283,7416,4322,3094,5918,1263,7140,276
48285,20021,9697,10324,15276,4662,19438,583
48287,17058,8530,8528,13274,3214,16890,168
48289,17225,8569,8656,13328,4175,17073,152
48291,83702,41320,42382,61848,10873,82840,862
48293,23417,12010,11407,18143,4389,23151,266
48295,3398,1712,1686,2496,581,3264,134
48297,12139,6707,5432,9712,2462,12005,134
48299,21047,10356,10691,17887,7656,20454,593
48301,98,54,44,73,25,98,0
48303,304808,150307,154501,231747,37113,296080,8728
48305,5830,3011,2819,4252,987,5555,275
48307,8057,4366,3691,6241,1759,7648,409
48309,251089,122580,128509,188969,35502,245458,5631
48311,774,413,361,550,142,774,0
48313,14197,8060,6137,11155,2155,13833,364
48315,10017,4858,5159,8221,2592,9879,138
48317,5649,2943,2706,3894,683,5609,40
48319,4186,2257,1929,3190,1021,3942,244
48321,36774,18349,18425,27281,6008,36110,664
48323,58174,28973,29201,39848,6704,57741,433
48325,50057,25816,24241,38460,8271,49063,994
48327,2119,1158,961,1853,666,1932,187
48329,168167,85041,83126,120459,17255,163996,4171
48331,24770,12270,12500,18719,5038,24303,467
48333,4889,2376,2513,3952,1504,4888,1
48335,8523,5179,3344,6835,1316,8334,189
48337,19489,9460,10029,15022,4360,19128,361
48339,571949,283117,288832,420620,73352,556686,15263
48341,21399,11218,10181,14655,2283,20862,537
48343,12373,5865,6508,9531,2657,12035,338
48345,1252,675,577,933,393,1213,39
48347,65339,31350,33989,50164,9286,64080,1259
48349,48995,24098,24897,36140,8229,47592,1403
48351,13914,7130,6784,11110,2800,13502,412
48353,14904,7643,7261,11032,2630,14737,167
48355,361540,178516,183024,272002,50883,355555,5985
48357,10131,5127,5004,6978,1064,9823,308
48359,2094,1106,988,1390,309,2035,59
48361,84069,41719,42350,63219,13110,82689,1380
48363,28540,14057,14483,21854,5548,28095,445
48365,23327,11494,11833,17823,4356,23182,145
48367,133811,66500,67311,100668,20511,130611,3200
48369,9718,4982,4736,6868,1312,9200,518
48371,15815,8966,6849,11927,2012,15584,231
48373,48913,26465,22448,39000,9040,47923,990
48375,119674,61773,57901,86742,14583,116065,3609
48377,6975,3352,3623,5166,1683,6975,0
48379,11766,5912,5854,9472,2893,11622,144
48381,134026,65721,68305,101789,19659,129485,4541
48383,3766,1955,1811,2535,308,3701,65
48385,3408,1498,1910,2531,975,3407,1
48387,12171,5759,6412,9730,2975,11888,283
48389,15492,8744,6748,12057,1961,15375,117
48391,7145,3439,3706,5489,1546,6842,303
48393,805,387,418,588,206,782,23
48395,16990,8315,8675,12949,3229,16806,184
48397,97175,47995,49180,70783,11754,94132,3043
48399,10277,5160,5117,7881,2121,10150,127
48401,53755,28614,25141,41606,8830,52351,1404
48403,10471,5013,5458,8508,3192,10130,341
48405,8286,3969,4317,6644,2184,8096,190
48407,28180,13797,14383,21942,6227,27490,690
48409,67008,33774,33234,48906,9790,65412,1596
48411,5991,3077,2914,4747,1382,5699,292
48413,2983,1505,1478,2194,560,2978,5
48415,17096,9277,7819,12797,2578,16606,490
48417,3296,1750,1546,2524,632,3215,81
48419,25349,12585,12764,18696,4405,25216,133
48421,3059,1596,1463,2369,408,2927,132
48423,227449,109770,117679,171437,36844,223246,4203
48425,8860,4448,4412,6863,1624,8848,12
48427,64078,31183,32895,42924,7196,63832,246
48429,9364,4858,4506,7245,1825,9060,304
48431,1231,678,553,807,156,1219,12
48433,1476,720,756,1078,300,1464,12
48435,3824,2065,1759,2815,691,3824,0
48437,7432,4052,3380,5557,1365,7061,371
48439,2049770,1002709,1047061,1506126,225738,1984300,65470
48441,136870,66757,70113,102988,19482,133488,3382
48443,896,423,473,761,293,874,22
48445,12528,6420,6108,9078,1889,12337,191
48447,1436,658,778,1206,402,1422,14
48449,32640,16066,16574,23207,4561,31893,747
48451,117986,58707,59279,89950,17837,115652,2334
48453,1226805,619629,607176,956830,116483,1182685,44120
48455,14620,7022,7598,11632,3833,14339,281
48457,21518,11699,9819,17356,4643,21014,504
48459,41018,20139,20879,31204,7350,40217,801
48461,3659,1901,1758,2701,611,3656,3
48463,26920,13185,13735,19623,4494,26722,198
48465,48969,24997,23972,35025,6928,48526,443
48467,55103,27074,28029,42330,11048,54105,998
48469,92109,45075,47034,68625,14567,89917,2192
48471,72321,42217,30104,61520,9187,71291,1030
48473,51832,25844,25988,39301,6013,51027,805
48475,11658,5812,5846,8436,1606,11478,180
48477,35163,17282,17881,27462,7376,34520,643
48479,273526,133948,139578,182613,25141,272110,1416
48481,41577,20419,21158,30775,6919,41170,407
48483,5338,2746,2592,3969,1024,5129,209
48485,131596,68389,63207,102166,19043,127128,4468
48487,12833,6266,6567,9957,2368,12558,275
48489,21588,11663,9925,16394,2954,21528,60
48491,547604,269549,278055,405281,64740,524704,22900
48493,49173,24716,24457,37124,7557,47554,1619
48495,7867,4049,3818,5515,906,7588,279
48497,66290,33406,32884,49829,9851,64748,1542
48499,44366,22059,22307,35751,11858,43719,647
48501,8631,4480,4151,5780,991,8502,129
48503,18036,8785,9251,13660,3681,17965,71
48505,14304,7095,7209,9508,1975,14243,61
48507,12039,6221,5818,8483,1665,11952,87
49001,6517,3362,3155,4379,923,6348,169
49003,53946,27550,26396,36756,6843,53115,831
49005,124165,62182,61983,86261,11339,121101,3064
49007,20308,10170,10138,14988,3409,20044,264
49009,613,348,265,478,77,613,0
49011,345767,174378,171389,233501,33756,334194,11573
49013,20148,10280,9868,13325,2294,19708,440
49015,10117,5168,4949,7107,1661,10016,101
49017,4998,2524,2474,3803,1088,4971,27
49019,9640,4934,4706,7611,1704,9513,127
49021,51213,25373,25840,36501,6425,49912,1301
49023,11301,5705,5596,7396,1321,11043,258
49025,7484,3765,3719,5721,1686,7292,192
49027,12854,6602,6252,8846,2148,12657,197
49029,11664,5983,5681,7507,1330,11536,128
49031,1866,1016,850,1413,459,1858,8
49033,2389,1126,1263,1684,505,2389,0
49035,1133646,569053,564593,822233,119685,1095078,38568
49037,15302,7625,7677,10584,2100,14903,399
49039,29850,15722,14128,22163,4079,29421,429
49041,21280,10881,10399,14933,3402,21143,137
49043,41103,20964,20139,30896,4854,40197,906
49045,67397,33981,33416,45091,5976,65133,2264
49047,36084,18302,17782,24041,3672,35113,971
49049,605490,305954,299536,400941,45796,586830,18660
49051,31708,16233,15475,21669,3505,31018,690
49053,165811,81947,83864,121651,34636,162353,3458
49055,2689,1386,1303,1950,552,2657,32
49057,251498,126354,125144,179836,28724,242656,8842
50001,36882,18302,18580,30541,7075,36213,669
50003,35746,17487,18259,28941,8048,35124,622
50005,30234,15192,15042,24298,6052,29618,616
50007,162646,79812,82834,133505,23807,159021,3625
50009,6200,3121,3079,5106,1567,6111,89
50011,49116,24403,24713,38157,7643,47721,1395
50013,7022,3489,3533,5788,1401,6770,252
50015,25318,12686,12632,20151,4236,24906,412
50017,28908,14418,14490,23562,5926,28397,511
50019,26901,13512,13389,21691,5947,26354,547
50021,58892,28933,29959,48356,12547,58284,608
50023,58350,28845,29505,47268,11080,57212,1138
50025,42823,20800,22023,35104,9378,41750,1073
50027,55275,27097,28178,45191,12557,54232,1043
51001,32673,15934,16739,25759,7424,32332,341
51003,107405,51363,56042,85682,19340,104800,2605
51005,15157,7367,7790,12293,3607,14985,172
51007,12953,6580,6373,10177,2483,12593,360
51009,31775,15290,16485,25538,6532,30769,1006
51011,15707,7599,8108,12357,3183,15416,291
51013,233464,116785,116679,191897,24465,224573,8891
51015,75079,38267,36812,60709,15368,73746,1333
51017,4307,2201,2106,3583,965,4123,184
51019,78376,38462,39914,62573,16343,76752,1624
51021,6388,3564,2824,5354,1438,6325,63
51023,33343,16365,16978,26852,7302,32749,594
51025,16520,8843,7677,13763,3452,16156,364
51027,21788,10958,10830,17858,4669,21655,133
51029,17059,9363,7696,13928,3284,16803,256
51031,55225,26711,28514,44210,10809,53667,1558
51033,30381,15102,15279,23387,4859,29214,1167
51035,29801,15004,14797,24175,7091,29367,434
51036,7014,3430,3584,5928,1678,6803,211
51037,12040,5926,6114,9369,2634,11857,183
51041,343551,165585,177966,261478,49544,332844,10707
51043,14423,7321,7102,11443,2990,14042,381
51045,5110,2378,2732,4155,1088,5047,63
51047,51101,25557,25544,38460,7862,49383,1718
51049,9824,4847,4977,7877,2151,9395,429
51051,14756,7472,7284,11869,3160,14599,157
51053,28485,13993,14492,22649,4884,28040,445
51057,10998,4970,6028,8773,2443,10815,183
51059,1145862,568173,577689,875647,149923,1092545,53317
51061,69728,34507,35221,53411,11284,67485,2243
51063,15704,7896,7808,12636,3537,15446,258
51065,26594,12217,14377,21229,5162,25736,858
51067,56187,27578,28609,45390,12797,55088,1099
51069,86415,43042,43373,66474,14514,83986,2429
51071,16772,8222,8550,13305,3570,16618,154
51073,37222,18173,19049,29918,6921,36390,832
51075,22865,11347,11518,18805,4942,22400,465
51077,15742,8070,7672,13085,3780,15603,139
51079,19519,9537,9982,14821,3232,18747,772
51081,11525,7256,4269,9719,1710,11251,274
51083,34552,16645,17907,27488,8097,33579,973
51085,105537,51736,53801,82166,18112,103225,2312
51087,327535,155240,172295,252502,49085,316075,11460
51089,51308,24817,26491,41312,12104,50380,928
51091,2204,1062,1142,1946,857,2192,12
51093,36627,17941,18686,28971,6814,35585,1042
51095,74916,36120,38796,59827,18396,72466,2450
51097,7042,3523,3519,5677,1628,6681,361
51099,26229,13213,13016,19582,3355,25296,933
51101,16688,8160,8528,12912,2617,16278,410
51103,10724,5034,5690,9084,3879,10699,25
51105,23948,12530,11418,19526,4974,23666,282
51107,395134,195769,199365,282513,35615,374769,20365
51109,36040,17679,18361,28691,7054,34786,1254
51111,12282,6302,5980,10049,2637,11950,332
51113,13170,6403,6767,10458,2849,12682,488
51115,8788,4382,4406,7495,2741,8587,201
51117,30728,14889,15839,24916,7722,30399,329
51119,10675,5202,5473,8949,3317,10258,417
51121,98140,50664,47476,82899,11973,96481,1659
51125,14831,7243,7588,12077,3853,14664,167
51127,21686,10870,10816,17211,3584,20831,855
51131,11885,5718,6167,9521,3093,11546,339
51133,12190,5931,6259,10378,4473,11971,219
51135,15433,8471,6962,12440,2925,15337,96
51137,36010,17712,18298,28061,7107,34795,1215
51139,23788,11754,12034,18961,4966,23282,506
51141,17748,8812,8936,14621,4642,17653,95
51143,61256,30113,31143,49553,13372,59436,1820
51145,28815,15324,13491,23543,5104,28293,522
51147,22905,11329,11576,19209,3683,22336,569
51149,38114,20593,17521,29815,5123,36477,1637
51153,461423,230487,230936,335572,44009,435664,25759
51155,34182,17122,17060,28097,7691,33426,756
51157,7378,3743,3635,6090,1907,7206,172
51159,8884,4857,4027,7396,1881,8405,479
51161,93823,45121,48702,74847,19843,91823,2000
51163,22570,11227,11343,18574,5754,22133,437
51165,80284,39392,40892,62456,15113,78697,1587
51167,27141,13306,13835,21960,5610,26863,278
51169,21902,11075,10827,17878,5155,21747,155
51171,43224,21301,21923,34044,9158,42096,1128
51173,30767,15161,15606,24785,6568,30539,228
51175,17880,9247,8633,14417,3473,17118,762
51177,132833,65286,67547,99647,18263,126895,5938
51179,146773,74067,72706,108378,14857,138815,7958
51181,6523,3154,3369,5392,1413,6376,147
51183,11377,6811,4566,9588,1969,11056,321
51185,41603,20647,20956,33573,8938,41123,480
51187,39492,19657,19835,30749,6170,38111,1381
51191,54071,26584,27487,44165,12004,53327,744
51193,17751,8793,8958,14406,4405,17312,439
51195,38486,20173,18313,31024,6806,37839,647
51197,28844,14090,14754,23098,5974,28444,400
51199,67982,33376,34606,51737,10664,64847,3135
51510,157613,75954,81659,128981,17766,149216,8397
51520,16912,7961,8951,13308,3456,16374,538
51530,6484,2776,3708,5140,1196,6443,41
51540,47096,22788,24308,39728,5326,45750,1346
51550,239982,117267,122715,181804,31085,230410,9572
51570,17428,8060,9368,13451,3550,16895,533
51580,5598,2680,2918,4451,1131,5404,194
51590,41070,18883,22187,32099,8342,39747,1323
51595,5442,2455,2987,3878,916,4987,455
51600,23531,11444,12087,18282,3498,22331,1200
51610,14128,6868,7260,10604,1816,13608,520
51620,8147,3640,4507,6096,1571,7814,333
51630,28622,12997,15625,22617,3084,26580,2042
51640,6517,3090,3427,5103,1458,6500,17
51650,135041,65105,69936,106529,20215,129371,5670
51660,53273,25548,27725,44564,4778,49719,3554
51670,22456,10499,11957,16692,3484,21923,533
51678,7241,4112,3129,6592,1128,7036,205
51680,80569,37729,42840,65061,11368,78524,2045
51683,41174,20657,20517,30115,4003,39026,2148
51685,16986,8887,8099,12638,1437,16328,658
51690,12852,5707,7145,9755,2397,12338,514
51700,179673,86860,92813,137970,22744,170392,9281
51710,244601,127723,116878,196397,26570,233105,11496
51720,3970,1852,2118,3029,651,3871,99
51730,31362,14294,17068,24660,5241,30641,721
51735,12090,6023,6067,9422,2374,11838,252
51740,95097,45704,49393,72820,13774,91661,3436
51750,17691,8388,9303,15821,1532,17122,569
51760,226622,107430,119192,186666,29085,218912,7710
51770,99229,47256,51973,77528,15988,94906,4323
51775,25317,11771,13546,20473,4803,24554,763
51790,24432,11171,13261,19802,5126,23655,777
51800,90093,43698,46395,68190,12764,86683,3410
51810,450201,221324,228877,349884,61804,425088,25113
51820,22140,10836,11304,16982,3904,21668,472
51830,14927,6929,7998,13371,2342,14392,535
51840,27897,13694,14203,21499,4443,26714,1183
53001,19594,9980,9614,12699,2138,19189,405
53003,22421,10868,11553,17845,5122,21556,865
53005,197518,98762,98756,144640,28654,189813,7705
53007,76229,38219,38010,58135,14177,73339,2890
53009,75392,37128,38264,62411,21715,72488,2904
53011,473252,233959,239293,358350,71163,449188,24064
53013,3992,1926,2066,3212,1128,3780,212
53015,106778,52844,53934,82322,20082,100778,6000
53017,42023,21107,20916,31032,7229,40612,1411
53019,7578,3821,3757,6318,1928,6924,654
53021,92009,47702,44307,61842,8290,87589,4420
53023,2230,1139,1091,1695,551,2108,122
53025,95502,48538,46964,67239,12882,91468,4034
53027,72779,37317,35462,57843,15299,69615,3164
53029,82866,41393,41473,67720,19848,78991,3875
53031,31285,15276,16009,27379,11038,30090,1195
53033,2195502,1100652,1094850,1747408,284332,2054896,140606
53035,265882,135983,129899,211232,46144,245671,20211
53037,45897,23167,22730,37996,7220,44195,1702
53039,21721,10928,10793,17493,5126,21248,473
53041,78145,39083,39062,61287,16186,73985,4160
53043,10574,5345,5229,8311,2701,10303,271
53045,63804,33063,30741,51385,14383,60087,3717
53047,41842,21253,20589,32227,8837,39542,2300
53049,21688,10911,10777,18158,6565,20869,819
53051,13377,6742,6635,10813,3432,13025,352
53053,877013,437477,439536,670899,118606,804504,72509
53055,16788,8089,8699,14566,5527,16370,418
53057,125612,62106,63506,97993,25451,120727,4885
53059,11753,5900,5853,9512,2339,11478,275
53061,798808,400594,398214,617135,104645,748719,50089
53063,505505,250722,254783,393177,79841,481293,24212
53065,44655,22242,22413,35062,10058,42940,1715
53067,279711,136855,142856,219356,46930,262741,16970
53069,4268,2017,2251,3567,1410,4196,72
53071,60365,30904,29461,47598,10636,57598,2767
53073,220821,109070,111751,177569,37321,210493,10328
53075,49231,25175,24056,41781,5001,46876,2355
53077,249697,125044,124653,175354,33738,241437,8260
54001,16633,8170,8463,13301,3226,16309,324
54003,115329,56868,58461,88199,16666,111871,3458
54005,22368,11124,11244,17553,4275,22174,194
54007,14190,7162,7028,11393,3184,13940,250
54009,22459,11089,11370,18529,5124,22235,224
54011,94339,46172,48167,75652,17200,92123,2216
54013,7295,3523,3772,5858,1716,7247,48
54015,8709,4338,4371,6747,1748,8679,30
54017,8560,4739,3821,7218,1762,8413,147
54019,43576,21916,21660,34567,8902,43233,343
54021,8041,4725,3316,6833,1332,7886,155
54023,11616,5800,5816,9423,2778,11527,89
54025,35155,17088,18067,28243,7951,34452,703
54027,23309,11874,11435,18833,5073,23070,239
54029,29383,14178,15205,23767,6632,28634,749
54031,13805,7122,6683,10966,3019,13699,106
54033,67908,33109,34799,53362,12875,66414,1494
54035,28907,14345,14562,22686,5764,28664,243
54037,56506,27972,28534,43819,8781,54766,1740
54039,183279,88317,94962,146407,36609,178247,5032
54041,16166,8120,8046,12738,3269,15968,198
54043,20850,10366,10484,16158,3890,20581,269
54045,33154,16437,16717,26365,6430,32752,402
54047,18661,9595,9066,14833,3875,18420,241
54049,56355,27767,28588,45066,10770,55552,803
54051,31308,15516,15792,25178,6707,31016,292
54053,26820,13022,13798,21086,5469,26451,369
54055,59919,28419,31500,47623,12774,58998,921
54057,27167,13617,13550,21697,5780,26852,315
54059,24290,11851,12439,18869,4408,24024,266
54061,105474,54477,50997,88188,12827,102643,2831
54063,13401,6657,6744,10776,3317,13218,183
54065,17709,8755,8954,14440,4033,17291,418
54067,25078,12358,12720,19969,5460,24834,244
54069,42143,20307,21836,34079,8923,41337,806
54071,7001,3585,3416,5722,1852,6952,49
54073,7482,4045,3437,6023,1393,7412,70
54075,8450,4336,4114,6988,2099,8406,44
54077,33683,17286,16397,27173,6559,33284,399
54079,56610,27875,28735,43861,10125,55999,611
54081,75252,37679,37573,59574,15077,73720,1532
54083,28930,14844,14086,23390,6113,28827,103
54085,9844,4884,4960,7890,2253,9681,163
54087,14020,6923,7097,11025,2983,13792,228
54089,12848,5916,6932,10691,3115,12564,284
54091,16864,8490,8374,13440,3333,16632,232
54093,6982,3512,3470,5862,1764,6894,88
54095,8811,4394,4417,7076,1919,8731,80
54097,24502,12201,12301,19462,4843,24338,164
54099,40303,19608,20695,31883,8211,40006,297
54101,8386,4171,4215,6701,1907,8362,24
54103,15436,7469,7967,12250,3515,15298,138
54105,5798,2936,2862,4562,1137,5798,0
54107,84960,41052,43908,67020,16944,83897,1063
54109,21281,10477,10804,16853,4423,21057,224
55001,20094,10788,9306,17176,5773,19706,388
55003,15617,7905,7712,12148,2956,15194,423
55005,45229,22554,22675,35437,9684,44666,563
55007,14993,7636,7357,12391,4028,14645,348
55009,261368,129618,131750,198837,37538,252541,8827
55011,13126,6683,6443,10445,2840,12998,128
55013,15289,7857,7432,12574,4286,14770,519
55015,49928,25024,24904,37815,7158,49424,504
55017,63892,33135,30757,49721,11174,62766,1126
55019,34579,17489,17090,24395,5666,34072,507
55021,57133,29290,27843,44791,9968,56268,865
55023,16235,8459,7776,12915,3674,15978,257
55025,536078,266443,269635,425837,70979,519214,16864
55027,87715,45623,42092,69593,15105,86100,1615
55029,27472,13489,13983,23034,7961,27220,252
55031,43295,21760,21535,34664,7793,42276,1019
55033,44759,22476,22283,35897,6825,43878,881
55035,103514,51280,52234,82475,15665,101726,1788
55037,4314,2247,2067,3638,1105,4265,49
55039,102597,50579,52018,80648,18365,100295,2302
55041,8995,4529,4466,7197,2054,8789,206
55043,51733,26853,24880,41060,8731,51354,379
55045,36896,18354,18542,28643,6680,36463,433
55047,18755,9460,9295,14575,4050,18524,231
55049,23618,11865,11753,18201,4254,23384,234
55051,5687,2891,2796,4889,1713,5631,56
55053,20522,10956,9566,16023,3792,19910,612
55055,84701,42338,42363,66577,13910,82757,1944
55057,26478,14142,12336,21148,5330,26080,398
55059,168524,83347,85177,129381,22983,163829,4695
55061,20387,10316,10071,16025,4038,20122,265
55063,117894,57478,60416,94443,18678,115532,2362
55065,16715,8468,8247,12638,3039,16600,115
55067,19146,9703,9443,15459,4470,18792,354
55069,27744,13922,13822,22578,5818,27291,453
55071,79185,39500,39685,62762,15721,78063,1122
55073,135396,68016,67380,104283,23169,132613,2783
55075,40391,20316,20075,32712,9370,39767,624
55077,15304,7798,7506,12319,3693,15078,226
55078,4558,2297,2261,3068,591,4345,213
55079,951226,460464,490762,721877,125940,916033,35193
55081,45771,23127,22644,34131,7537,45149,622
55083,37646,19189,18457,30034,7573,37072,574
55085,35381,17793,17588,29298,9051,34990,391
55087,185700,92704,92996,141633,26549,182076,3624
55089,88597,43578,45019,69531,17044,86618,1979
55091,7265,3690,3575,5746,1593,7198,67
55093,41977,20790,21187,33222,5984,41210,767
55095,43438,21885,21553,34237,8717,42896,542
55097,70632,35584,35048,56939,11351,69569,1063
55099,13416,6806,6610,11084,3365,13276,140
55101,195602,96899,98703,150008,31584,189529,6073
55103,17459,8766,8693,13675,3844,17307,152
55105,162152,79875,82277,124226,26139,156966,5186
55107,14132,7074,7058,11226,3348,13828,304
55109,88732,44328,44404,66383,12029,87143,1589
55111,63922,31929,31993,49312,11474,62609,1313
55113,16399,8356,8043,13198,4141,15832,567
55115,40904,20420,20484,32080,8474,39834,1070
55117,115178,57965,57213,89475,20118,112752,2426
55119,20325,10367,9958,15511,3828,20022,303
55121,29499,14983,14516,22150,5235,29230,269
55123,30633,15413,15220,22643,5829,30232,401
55125,21751,11037,10714,18167,6644,20969,782
55127,103074,51443,51631,81317,17631,100606,2468
55129,15688,7810,7878,12696,4038,15430,258
55131,134925,66936,67989,104964,23547,132842,2083
55133,400475,196972,203503,313585,72414,394191,6284
55135,51245,26237,25008,40717,10451,50692,553
55137,24193,12742,11451,19714,5755,23749,444
55139,170411,85855,84556,135327,27014,167465,2946
55141,73112,35993,37119,57295,14703,71903,1209
56001,38390,19931,18459,32186,4325,37225,1165
56003,11882,6071,5811,8868,2501,11696,186
56005,47409,24089,23320,34281,4360,45962,1447
56007,15247,8179,7068,11683,2489,14929,318
56009,13921,7169,6752,10453,2304,13493,428
56011,7472,3745,3727,5632,1430,7310,162
56013,39812,20034,19778,29755,7110,38282,1530
56015,13342,6789,6553,10631,2878,13030,312
56017,4607,2312,2295,3695,1104,4559,48
56019,8487,4435,4052,6614,1943,8385,102
56021,98320,49857,48463,75565,15274,94730,3590
56023,19274,9801,9473,14039,3211,18706,568
56025,80333,40342,39991,60945,11580,78527,1806
56027,2422,1091,1331,1953,552,2409,13
56029,29148,14347,14801,23133,6459,28559,589
56031,8582,4531,4051,7030,2049,8371,211
56033,30140,15015,15125,23704,6167,29689,451
56035,9880,5478,4402,7548,1758,9545,335
56037,43521,22471,21050,31974,4972,42534,987
56039,23280,12325,10955,18842,3268,23128,152
56041,20479,10406,10073,14506,2665,19752,727
56043,8027,4065,3962,6049,1693,7723,304
56045,7049,3719,3330,5567,1370,6959,90
